## trace file of population Pi values from gsi_sim.  NumBurnIn= 50000  NumSweeps= 999 ThinningInterval= 20
SweepNumber	KANDR03	KANVI07	KAROL05	KBIGCK04	KBIGS07	KEEK05	KGAGA06	KGEOR05	KGISA01	KGOLS06	KGONF06	KHENS01	KIOW10	KKANE05	KKANT05	KKISA05	KKLUTU09	KKOGR05	KKOGR07	KKOKT10	KNECO07	KNORTH10	KPILG0506	KSALC05	KSALM06	KSTUY09	KTOGRT09	KTUBU09
0	0.05363712	0.02193794	0.03143089	0.02632398	0.02341415	0.03640309	0.03907783	0.03365677	0.03214799	0.02055922	0.04792670	0.04232986	0.02423957	0.04047555	0.04261710	0.03663556	0.04460337	0.03641031	0.03314046	0.03591867	0.04399127	0.03285436	0.03114756	0.04707171	0.03359810	0.03356251	0.04492251	0.02996586
20	0.03894091	0.01996587	0.02300420	0.03293741	0.04085975	0.04344803	0.04013298	0.03752416	0.03334627	0.02574153	0.04255474	0.03700769	0.01899385	0.04549235	0.03429626	0.04131595	0.05144417	0.02480847	0.04833570	0.04004193	0.04606972	0.02251342	0.02675535	0.03755413	0.03375919	0.03340401	0.04300478	0.03674720
40	0.04777887	0.01418047	0.03053937	0.02497017	0.02845316	0.03928382	0.03430223	0.03414693	0.02783498	0.02311843	0.03736448	0.04129012	0.01738925	0.04926368	0.04339637	0.03298039	0.05371198	0.02650947	0.03396053	0.03793394	0.04153976	0.02577006	0.02090448	0.04671560	0.03957414	0.04362848	0.05925404	0.04420479
60	0.04138002	0.02626564	0.02978115	0.03236678	0.03131720	0.03859344	0.03546221	0.03775138	0.03603241	0.02745941	0.03691111	0.03619568	0.02338738	0.04956209	0.04230837	0.03960638	0.04371478	0.01618374	0.04412047	0.04477667	0.04363608	0.02575126	0.02546095	0.03882355	0.03578436	0.03426525	0.05378848	0.02931375
80	0.05278601	0.01514568	0.02403906	0.02792647	0.03531641	0.03707896	0.03267755	0.04110436	0.04462347	0.02491712	0.03485954	0.03744657	0.01458879	0.04981202	0.04150787	0.04689257	0.03533529	0.02038600	0.04453211	0.04699785	0.04996661	0.01911420	0.02372527	0.03662799	0.03663454	0.02809461	0.06077887	0.03708420
100	0.03005594	0.02011325	0.01822690	0.02928964	0.03128798	0.03446381	0.03700099	0.04223204	0.03630436	0.02027826	0.04024418	0.04080736	0.02989130	0.04456769	0.04708805	0.04397711	0.03790879	0.02192121	0.05762310	0.03653457	0.04331156	0.02563587	0.02115271	0.04511338	0.04077958	0.04242289	0.04876029	0.03300719
120	0.04978555	0.01900004	0.02460047	0.02554479	0.03513795	0.03915133	0.03776847	0.03546213	0.03574988	0.02793533	0.04191832	0.03558874	0.02561729	0.03621821	0.03955613	0.04407712	0.03965730	0.01879578	0.05162787	0.03538648	0.04286446	0.02277702	0.02213283	0.04331332	0.03242318	0.04112005	0.06052333	0.03626660
140	0.04631212	0.01514204	0.01543515	0.03441926	0.02344579	0.03090877	0.04597144	0.03463968	0.04214526	0.02262612	0.04137784	0.04409949	0.01842857	0.04007616	0.04096295	0.04537997	0.04298893	0.01789288	0.03384976	0.04697570	0.05072077	0.02679037	0.02181975	0.04023137	0.04499691	0.04605454	0.05194817	0.03436027
160	0.03847963	0.02177421	0.03275472	0.02712206	0.03362935	0.03298242	0.04564786	0.03621875	0.03959710	0.02359467	0.03395710	0.03953599	0.03223841	0.02951461	0.03645434	0.04816522	0.04877465	0.02652911	0.03966110	0.03819972	0.05435735	0.02422122	0.02873065	0.03527783	0.03751156	0.03387505	0.04997528	0.03122003
180	0.04799026	0.02283142	0.03405144	0.03608441	0.03052093	0.04004670	0.02952080	0.04687157	0.04355372	0.02278193	0.03130483	0.03866418	0.02536657	0.03148639	0.03871390	0.03377405	0.05225597	0.02353002	0.04886250	0.04189345	0.05121321	0.02794411	0.01604679	0.04180927	0.03855878	0.03396770	0.04135842	0.02899668
200	0.04601979	0.02285849	0.03195404	0.02067098	0.03238780	0.02412613	0.04362325	0.04973416	0.03078643	0.02605730	0.03191728	0.04189914	0.02294508	0.03828114	0.04750338	0.03451561	0.04001385	0.02034942	0.04802688	0.04388387	0.04324306	0.02453625	0.02418082	0.04942612	0.03013509	0.03499785	0.06053215	0.03539463
220	0.03986390	0.02300517	0.02533233	0.02020546	0.03924379	0.03125405	0.04043480	0.03326564	0.02987255	0.02578464	0.04956149	0.04024563	0.01801095	0.04169265	0.03828055	0.03527953	0.04598583	0.01797411	0.04505573	0.04382883	0.05057363	0.02505929	0.02703222	0.04418393	0.03873526	0.04069575	0.05037162	0.03917068
240	0.04483067	0.01530488	0.02320067	0.02911864	0.02937919	0.03704177	0.04318674	0.03719567	0.04144388	0.02546722	0.03940989	0.04253748	0.02129445	0.04683254	0.04006390	0.03191014	0.04307158	0.02183002	0.04163118	0.05032544	0.03959825	0.03046455	0.02041518	0.04174932	0.04414207	0.03887445	0.04629749	0.03338272
260	0.04377184	0.02778736	0.03060691	0.02368164	0.02551959	0.05389827	0.02904057	0.03525650	0.03743172	0.03332126	0.03514191	0.03459472	0.02613996	0.03927556	0.03020636	0.05060342	0.03560817	0.02038195	0.03885857	0.04667994	0.04517224	0.02563490	0.02014348	0.03905398	0.03833073	0.04606805	0.05146818	0.03632220
280	0.04298399	0.02144295	0.02307759	0.02376304	0.02844420	0.04293133	0.04214604	0.03953528	0.03960756	0.03273704	0.03283544	0.03412423	0.02155952	0.04116043	0.04025463	0.04344146	0.03298569	0.02056482	0.04389291	0.04767130	0.03895242	0.02811664	0.02584515	0.04377495	0.04825802	0.03140684	0.04871855	0.03976795
300	0.04846916	0.02026268	0.03558407	0.02020092	0.02764941	0.03472322	0.03862169	0.03759465	0.03780609	0.02885049	0.03132261	0.03605228	0.01399812	0.04105879	0.03714673	0.03977199	0.03728675	0.02023720	0.03799178	0.04254560	0.05413824	0.02493887	0.01977507	0.04158848	0.04982895	0.05066918	0.05458026	0.03730671
320	0.04128260	0.02735670	0.03137575	0.03398830	0.03705159	0.03763225	0.04843692	0.04598503	0.03329145	0.02390869	0.03696539	0.03083617	0.02497264	0.03227911	0.03385748	0.04375030	0.04018764	0.01732522	0.04767172	0.04683939	0.03731534	0.02615003	0.01861698	0.03749086	0.04072018	0.03937205	0.05168274	0.03365750
340	0.04393427	0.02032737	0.02831969	0.03377677	0.03814836	0.03381350	0.04239809	0.04042608	0.03802656	0.02125105	0.04619696	0.04423896	0.01671376	0.04632567	0.04051441	0.03522638	0.05213075	0.01314535	0.04140776	0.03614967	0.04358477	0.02592486	0.02634158	0.03002776	0.03500570	0.03577135	0.05380887	0.03706373
360	0.05042853	0.02075535	0.02945889	0.02077676	0.03751367	0.03260970	0.03876207	0.03922553	0.03686937	0.02378157	0.04525831	0.04200979	0.02532003	0.04214526	0.03765213	0.03686488	0.04048298	0.01378136	0.04398941	0.03384387	0.04830803	0.01878146	0.02757251	0.04684514	0.03792329	0.04460089	0.05041615	0.03402305
380	0.04381788	0.01574901	0.01793440	0.02777729	0.03534301	0.04274765	0.04610435	0.05252984	0.04289666	0.02319009	0.03064360	0.03600716	0.02578621	0.04778100	0.03957625	0.02441884	0.04882117	0.01320690	0.03704310	0.02985901	0.04461682	0.02851049	0.02179420	0.04976170	0.04380905	0.05058599	0.04706169	0.03262664
400	0.04752991	0.02252272	0.03087495	0.03402508	0.03390442	0.03978138	0.03172868	0.03897103	0.03309472	0.02526419	0.03292915	0.03555525	0.03275917	0.04543217	0.04059305	0.02977296	0.02666145	0.02375426	0.04759667	0.04511110	0.04257580	0.02059930	0.02595059	0.04382940	0.03377878	0.04571268	0.04600524	0.04368592
420	0.04894522	0.02110246	0.02621990	0.03577129	0.03503226	0.03855853	0.04534054	0.03835237	0.03402354	0.02829844	0.03452406	0.03758879	0.02502902	0.04946105	0.03509796	0.03684361	0.05163539	0.01604858	0.03347108	0.04264784	0.04128486	0.03220678	0.02470858	0.04360993	0.03816907	0.03876230	0.03322346	0.03404310
440	0.04212246	0.02295849	0.02956862	0.02331193	0.03024809	0.02973505	0.04314573	0.03919248	0.03454446	0.02870334	0.05023053	0.03919244	0.02325805	0.04223949	0.03625001	0.04149748	0.04151287	0.01823063	0.04054368	0.03664518	0.04828239	0.02658371	0.01850342	0.04481749	0.03959109	0.04055673	0.05088597	0.03764816
460	0.05484856	0.02143366	0.02414995	0.03353191	0.02759492	0.04152728	0.04267615	0.04760259	0.03898691	0.02915531	0.04689724	0.03844186	0.01459894	0.03528520	0.03781854	0.03921030	0.03050783	0.01888625	0.03915570	0.04081496	0.04522007	0.02088016	0.02552589	0.04209144	0.04667551	0.03363234	0.05140469	0.03144584
480	0.04565871	0.02447437	0.02841724	0.02581800	0.03619936	0.02958594	0.04691533	0.04299772	0.03902719	0.02496842	0.03412053	0.03515583	0.03197749	0.04162176	0.03455470	0.04328299	0.05267791	0.01246021	0.04531282	0.04233314	0.03868589	0.02699924	0.02511561	0.03075887	0.02634773	0.04523846	0.04937771	0.03991681
500	0.04295188	0.02557227	0.03788351	0.02318961	0.03085435	0.04183692	0.05138570	0.04025915	0.03512827	0.02897777	0.03622659	0.02945455	0.02577017	0.03618862	0.04043524	0.04027433	0.05554924	0.01283000	0.04313054	0.04024043	0.04041986	0.02022752	0.02032679	0.04051913	0.03608942	0.04192560	0.04290463	0.03944791
520	0.04809513	0.02541916	0.03150611	0.02386842	0.03382686	0.04447876	0.03678261	0.04619529	0.03833386	0.02254364	0.05816906	0.03246195	0.02060625	0.03845087	0.03784374	0.04908710	0.04371516	0.02016507	0.03761689	0.03455437	0.03683103	0.02502025	0.02049513	0.04206896	0.04369246	0.03284857	0.04468819	0.03063513
540	0.04765022	0.02066068	0.02742137	0.02657947	0.03470437	0.04110393	0.04127802	0.04550912	0.04147647	0.01922406	0.03015619	0.04164762	0.02268771	0.04311037	0.04053950	0.04006479	0.03755952	0.01703394	0.04013545	0.04217222	0.05092310	0.02551722	0.01893825	0.03834390	0.04310655	0.03414860	0.05926137	0.02904596
560	0.05470657	0.02956290	0.02130661	0.02440496	0.03316690	0.03875046	0.04990680	0.03491202	0.04103297	0.02601187	0.04082583	0.03411614	0.01923525	0.03788570	0.03696587	0.03602608	0.05232907	0.00670330	0.05564796	0.03562746	0.04349733	0.02772175	0.02136520	0.03908760	0.03669986	0.03452246	0.05398205	0.03399901
580	0.03943862	0.01796927	0.03284024	0.03365397	0.03877031	0.03450819	0.04070431	0.04278695	0.04308375	0.02560665	0.03092783	0.04615019	0.02261015	0.03687949	0.03753405	0.03263747	0.04554365	0.01953985	0.03952279	0.04745536	0.04411358	0.02647664	0.02180226	0.02969368	0.03548003	0.04367349	0.04397170	0.04662552
600	0.03944150	0.01748162	0.02464089	0.02572642	0.02905539	0.03870692	0.05002250	0.03908760	0.04176967	0.02319283	0.03614626	0.03199722	0.02846860	0.03415734	0.03206420	0.04343216	0.04046727	0.01811753	0.03750736	0.03617329	0.04505607	0.02777266	0.02640876	0.04928235	0.05502924	0.04089598	0.05462618	0.03327216
620	0.03939999	0.02065613	0.01510430	0.02119647	0.03663950	0.03835838	0.04678781	0.03818837	0.03096930	0.03060448	0.03679527	0.03936857	0.02623457	0.04486417	0.04062046	0.03862859	0.03830531	0.02495890	0.05515059	0.03995145	0.04420923	0.02846781	0.01920112	0.04113631	0.04030418	0.02814962	0.05638955	0.03935960
640	0.04835848	0.02290494	0.02030790	0.02780866	0.03664946	0.03751648	0.03995264	0.03958257	0.03883985	0.02477788	0.04778852	0.03523455	0.02595533	0.04819328	0.04513489	0.04192654	0.03964101	0.02055185	0.04041258	0.03530135	0.04152828	0.02508339	0.01757468	0.04403606	0.04047088	0.03915883	0.04365293	0.03165621
660	0.03620693	0.01947414	0.03491613	0.03245414	0.03797341	0.03133449	0.04301396	0.03763539	0.04193013	0.02088463	0.03354245	0.04511192	0.02597227	0.03687111	0.03240847	0.03624560	0.04030626	0.02225971	0.04215835	0.04017143	0.04719536	0.02317844	0.01710228	0.04339715	0.04622203	0.03629357	0.06280885	0.03293138
680	0.04730505	0.02237914	0.02227191	0.02277165	0.03126896	0.03922529	0.03252459	0.03967955	0.02850837	0.02378349	0.03835621	0.03548308	0.02228259	0.03773024	0.04764526	0.03924622	0.07312818	0.02137712	0.03650592	0.04169169	0.05730991	0.02383697	0.02127064	0.03784895	0.04644617	0.03396007	0.04039846	0.03576430
700	0.03702781	0.02488193	0.01187833	0.02978208	0.02980684	0.03082726	0.04246838	0.04144272	0.04294257	0.02196092	0.03482421	0.04026882	0.03219241	0.04760055	0.04099813	0.04698351	0.04142249	0.02531276	0.04767151	0.04118621	0.04438637	0.02268976	0.01998777	0.04056764	0.04236622	0.03353219	0.04432839	0.04066222
720	0.05783644	0.02696144	0.02200250	0.02390730	0.03372560	0.03596299	0.03342471	0.03594280	0.03723650	0.02451212	0.02883699	0.03333326	0.01906886	0.04403615	0.03625210	0.04647598	0.03867806	0.02342183	0.04843355	0.03114864	0.05038525	0.01622012	0.02573778	0.03445271	0.04545997	0.03616871	0.06662001	0.04375763
740	0.05594866	0.01681217	0.02383488	0.02770473	0.02615454	0.03625713	0.04446738	0.03627557	0.03993197	0.03066672	0.03631413	0.04644323	0.02341724	0.04145372	0.03396646	0.02793903	0.03594707	0.02155882	0.04765266	0.04451502	0.03931607	0.03071286	0.02347369	0.03931502	0.04209915	0.04983313	0.04352531	0.03446362
760	0.03773517	0.01849244	0.02912743	0.02328131	0.03272730	0.03943492	0.03031171	0.04311722	0.04387690	0.03408641	0.03862415	0.03478545	0.01892050	0.05675848	0.03119394	0.04666628	0.04266414	0.01917877	0.03415866	0.04455623	0.04987295	0.02677130	0.02244143	0.03249811	0.04913649	0.03000209	0.04785584	0.04172440
780	0.03632096	0.02087597	0.02227115	0.01853686	0.02445371	0.03544538	0.04238688	0.04855128	0.04154627	0.02662859	0.04068764	0.03150203	0.02792333	0.05027006	0.04009516	0.04246310	0.03828514	0.02336976	0.03998437	0.04210053	0.04451334	0.02557878	0.02136043	0.03896993	0.03975202	0.04719447	0.05301746	0.03591540
800	0.04629064	0.01349079	0.02101450	0.02568206	0.02609523	0.03999552	0.04544344	0.04197794	0.04206073	0.02234172	0.03475228	0.03276730	0.02013809	0.04053770	0.03684484	0.04696897	0.04380786	0.01777639	0.05224954	0.04154558	0.04441943	0.03177975	0.01761600	0.04169684	0.03602527	0.03771020	0.06251084	0.03646054
820	0.04739716	0.02090773	0.02185794	0.01847012	0.03259176	0.02689362	0.04173001	0.03751087	0.04111498	0.02517526	0.03339357	0.03834659	0.01626757	0.04633432	0.03517202	0.03921724	0.04545340	0.03328779	0.03966184	0.04128592	0.04040426	0.02900140	0.02209266	0.04092863	0.04313993	0.04897576	0.04901990	0.04436773
840	0.04344534	0.01836749	0.02762185	0.02744365	0.03453443	0.02858892	0.06018630	0.04431864	0.03393083	0.02543698	0.03341089	0.03738278	0.01529184	0.03977959	0.03558656	0.03232909	0.04359412	0.00955156	0.04651356	0.04535362	0.05547549	0.02466971	0.02223583	0.05049669	0.03164213	0.04572912	0.05092729	0.03615567
860	0.03422509	0.01556426	0.02239136	0.02687408	0.03798958	0.02848864	0.05317116	0.05433780	0.04079890	0.02535860	0.04559673	0.02761100	0.02822982	0.03753683	0.04025908	0.04060650	0.04020032	0.01708146	0.04112476	0.03923319	0.04102820	0.02821115	0.02351185	0.04065649	0.03935122	0.03175954	0.05910289	0.03969949
880	0.04225593	0.01714532	0.02071064	0.02075391	0.03458624	0.04261179	0.04327016	0.03927929	0.04048590	0.03105181	0.03069352	0.03655109	0.02089631	0.03743916	0.03817855	0.03739343	0.03480027	0.02585200	0.04254497	0.04797920	0.05145403	0.02686938	0.02674126	0.03524572	0.04251390	0.04022396	0.05175012	0.04072215
900	0.03773297	0.02221558	0.02612755	0.02952011	0.03017726	0.03530653	0.04890386	0.04713438	0.03590149	0.02524373	0.03719962	0.03893744	0.01738510	0.05235328	0.04326180	0.03423763	0.04369470	0.01056863	0.03632213	0.03430219	0.05034570	0.02331487	0.02617400	0.04344819	0.03753041	0.04111276	0.05524924	0.03629887
920	0.05264233	0.02640888	0.02109930	0.03634531	0.02714137	0.03368166	0.05103303	0.03562028	0.04019128	0.02734345	0.04374087	0.04087191	0.01923471	0.03534062	0.03985117	0.03524796	0.03994000	0.02048751	0.04790190	0.03732321	0.04188755	0.02355767	0.02108287	0.04095102	0.03569416	0.03853702	0.05499343	0.03184953
940	0.04192913	0.02042101	0.02969608	0.02465141	0.03669522	0.04269126	0.03484034	0.04030255	0.04268246	0.02403094	0.03204408	0.03020495	0.02329172	0.04152912	0.03279227	0.04126262	0.05175461	0.02054133	0.04084788	0.04436977	0.04299182	0.02331378	0.02092071	0.04106054	0.03707110	0.04123295	0.05900605	0.03782429
960	0.04811741	0.01839930	0.02188106	0.02135846	0.03462000	0.03707444	0.03362720	0.03622826	0.04610934	0.03058356	0.04283651	0.03440707	0.02057400	0.04643394	0.04339285	0.04211865	0.05886246	0.01946699	0.03981546	0.03318065	0.03939914	0.02506292	0.01876219	0.03539613	0.05011278	0.03497284	0.04898414	0.03822226
980	0.04887345	0.01645209	0.03001604	0.03925290	0.03066656	0.03534145	0.03364221	0.03603923	0.04699068	0.02310637	0.04672092	0.04090107	0.03205483	0.03807146	0.03800131	0.03206307	0.03945324	0.01975534	0.05090057	0.04136974	0.04470092	0.02913792	0.02528504	0.03788840	0.02612452	0.04034481	0.04041344	0.03643245
1000	0.04658969	0.02286650	0.02630898	0.02756358	0.03171234	0.04464958	0.04775426	0.04812297	0.03766729	0.02568168	0.03248636	0.03551696	0.01875710	0.04400665	0.03550623	0.04309184	0.03641417	0.01021598	0.05566751	0.03465465	0.05106200	0.02014038	0.02295771	0.03870391	0.04028404	0.02849526	0.05099566	0.04212671
1020	0.04283187	0.01580423	0.01945715	0.02514794	0.03556607	0.03707438	0.03966874	0.04333519	0.03965579	0.02674344	0.03663469	0.03197984	0.02233227	0.04113747	0.04119484	0.04403872	0.04759962	0.02822124	0.04367600	0.03445830	0.04230989	0.02461661	0.02390559	0.04521823	0.05013259	0.02973163	0.05090031	0.03662734
1040	0.04533025	0.01669230	0.02565000	0.02637443	0.02814067	0.05211701	0.04740693	0.03777914	0.04447447	0.02582881	0.04272366	0.02997378	0.01458611	0.04722555	0.03396370	0.04222582	0.03836019	0.01506656	0.04592148	0.04409493	0.05536345	0.02613695	0.02532364	0.03616516	0.03086585	0.04595901	0.04527568	0.03097445
1060	0.05489543	0.01274410	0.02241704	0.03089549	0.03393610	0.03608307	0.03949539	0.05017626	0.03056846	0.03162351	0.04043015	0.03502987	0.02519213	0.04578854	0.04259913	0.04080072	0.04535610	0.01469230	0.03669041	0.04208898	0.03964409	0.02484052	0.02112472	0.04668474	0.03769741	0.03034953	0.04923081	0.03892497
1080	0.04990355	0.02174962	0.02555848	0.02352205	0.02954431	0.03551844	0.04678359	0.03990859	0.03870891	0.02044875	0.04063028	0.04023569	0.01872921	0.04144867	0.04408395	0.03219568	0.03837582	0.02120715	0.04583326	0.04870350	0.04087996	0.02385630	0.02145883	0.04369133	0.06125082	0.02646310	0.04277054	0.03653962
1100	0.04131404	0.01882465	0.03400661	0.01803932	0.03135551	0.04304714	0.05936644	0.03587343	0.04009209	0.02740186	0.03959588	0.03998278	0.02204876	0.04951667	0.03477578	0.04599587	0.04848879	0.01735954	0.04643809	0.03666566	0.03860183	0.02542471	0.02196038	0.04294534	0.02849447	0.04168479	0.03908990	0.03160966
1120	0.04646735	0.02678518	0.02263753	0.02594860	0.03810305	0.03057413	0.02772800	0.04670475	0.03143184	0.02627625	0.04203861	0.03502551	0.01894107	0.04362422	0.04443104	0.05272431	0.04212289	0.01463988	0.05496314	0.04148287	0.03864596	0.02845352	0.02357650	0.03453121	0.04660829	0.03500382	0.04811199	0.03241848
1140	0.04410900	0.02212229	0.02571998	0.02620394	0.03396057	0.04127332	0.03242591	0.03853482	0.03435516	0.02199472	0.03920560	0.03753056	0.02812853	0.04028042	0.04021696	0.03215400	0.05036402	0.01873112	0.04065715	0.04051825	0.04260445	0.02437728	0.01858393	0.04251324	0.05198293	0.04295091	0.04932489	0.03917604
1160	0.03796557	0.02166976	0.02149450	0.03267351	0.02234725	0.02833275	0.03901457	0.04758466	0.04576518	0.02983659	0.03871007	0.03006016	0.02216976	0.04087342	0.03866377	0.03955242	0.04387405	0.02494074	0.03478008	0.04547937	0.04308492	0.02307794	0.03127453	0.04315503	0.04263086	0.03922220	0.05379964	0.03796668
1180	0.05404927	0.01607466	0.02102160	0.02017230	0.03210232	0.03780046	0.04102969	0.04401818	0.04548900	0.02830484	0.03482175	0.03336570	0.02101205	0.05101017	0.04007528	0.03236045	0.03320048	0.01818974	0.04173645	0.04626439	0.03968723	0.02735981	0.02363187	0.03862531	0.05413602	0.04346544	0.04954326	0.03145227
1200	0.04330868	0.02410220	0.02360050	0.03291301	0.03439658	0.03537084	0.04248034	0.04368899	0.03914292	0.02560404	0.03316584	0.03054887	0.01493247	0.05417065	0.04292535	0.03874156	0.04424466	0.01775749	0.03303876	0.04873642	0.05440763	0.03317957	0.02592592	0.04139083	0.03478628	0.02935724	0.03679102	0.04129134
1220	0.04099133	0.02292134	0.03388048	0.02981124	0.03331105	0.02859393	0.04361427	0.04430722	0.04066549	0.01838525	0.02916018	0.04021475	0.02821143	0.05017542	0.04117395	0.04726869	0.03996539	0.01716197	0.03149800	0.05521150	0.04909399	0.02007973	0.02300418	0.03776073	0.03762184	0.03167780	0.05040436	0.03383451
1240	0.05597981	0.02227230	0.02473579	0.02282231	0.03965450	0.04299708	0.03920531	0.03286938	0.04097993	0.02858992	0.05941031	0.04098541	0.01893461	0.03456461	0.03608075	0.03370308	0.04617919	0.02368413	0.03416497	0.05110174	0.04368477	0.02370323	0.02256051	0.03863132	0.04354766	0.02630615	0.03665876	0.03599247
1260	0.04117097	0.01954254	0.02490640	0.02450630	0.02988310	0.04684916	0.04336413	0.04871667	0.04021346	0.02928884	0.03322101	0.03606096	0.03762880	0.03917191	0.03551072	0.03514905	0.04253909	0.01677351	0.03358064	0.03784206	0.04165434	0.02397376	0.02247248	0.05222083	0.03980267	0.04425396	0.05252842	0.02717422
1280	0.04432519	0.01829211	0.02419052	0.02680608	0.03225903	0.04096218	0.04838142	0.03664938	0.05305012	0.02204278	0.03665247	0.03572109	0.02047461	0.03902009	0.03884411	0.03944712	0.04456158	0.01987699	0.04813526	0.04263557	0.04335334	0.01934268	0.02329074	0.05210661	0.04897060	0.02801404	0.04238823	0.03020607
1300	0.03984880	0.02350566	0.02692538	0.02443477	0.03698604	0.04432355	0.03939319	0.03352640	0.03822262	0.02431464	0.04060433	0.04668023	0.03070516	0.03658946	0.03595722	0.03937249	0.03406855	0.01854261	0.04731637	0.05120958	0.04975824	0.02269041	0.02315771	0.04347510	0.03594285	0.04524935	0.03300987	0.03418939
1320	0.03730944	0.02354635	0.03299870	0.02655453	0.03630483	0.03603401	0.04784661	0.04583240	0.03653985	0.02031784	0.04468206	0.03303357	0.01343366	0.05099019	0.04356792	0.03216204	0.04876432	0.01642042	0.03294053	0.04871243	0.03851628	0.02904453	0.02319676	0.04418279	0.04319507	0.03000319	0.04115057	0.04271914
1340	0.04531441	0.02854568	0.02422242	0.02615988	0.03554528	0.03037351	0.03861083	0.04428264	0.03822388	0.02429446	0.04871076	0.04524921	0.02865381	0.03496857	0.03792408	0.03796274	0.03988604	0.02552211	0.04113007	0.04630360	0.04326891	0.02225272	0.02166650	0.03545009	0.04332786	0.03895757	0.03764996	0.03554241
1360	0.03808249	0.02611696	0.02211319	0.03700109	0.02983105	0.04288608	0.04634248	0.03651859	0.04198148	0.02515682	0.03179407	0.03362786	0.01728636	0.04279694	0.03318678	0.03525314	0.04014915	0.02005668	0.04359125	0.03967323	0.06116116	0.02539094	0.01480655	0.03907399	0.05847732	0.02928106	0.05588746	0.03247581
1380	0.04761351	0.02066668	0.02216964	0.02094660	0.03153034	0.03779967	0.04658794	0.04087528	0.03450974	0.02775421	0.04181994	0.03614116	0.03087445	0.04209001	0.03338981	0.03702407	0.03066634	0.01722318	0.04040507	0.04607828	0.03839795	0.02720039	0.02681579	0.04259641	0.04741506	0.04327712	0.05537629	0.03275505
1400	0.04511090	0.02477035	0.02614860	0.02821186	0.02677623	0.03464770	0.04810282	0.03778023	0.04057137	0.02246027	0.03159252	0.03415515	0.02104555	0.05573563	0.04451047	0.04039343	0.04727418	0.01674705	0.03374199	0.03992801	0.04718377	0.02318465	0.02468662	0.03874978	0.04154628	0.03275065	0.05633236	0.03586159
1420	0.04017048	0.02225605	0.01804811	0.02800095	0.03130199	0.03134587	0.04787507	0.04733547	0.03902534	0.02243163	0.04092996	0.03564106	0.01598660	0.04226084	0.03589398	0.03961411	0.03534151	0.02395135	0.04530111	0.04350943	0.04902741	0.02343635	0.02514783	0.04550274	0.03751740	0.05315346	0.04894791	0.03104599
1440	0.05309700	0.01921168	0.02536402	0.02299143	0.03318722	0.03909111	0.04660633	0.03123504	0.04344604	0.02583908	0.04569057	0.03736607	0.01997339	0.04210693	0.04479818	0.02943110	0.04380559	0.01737832	0.05283879	0.04118309	0.04094113	0.03168575	0.02136647	0.03498132	0.04299964	0.03931741	0.03883699	0.03523032
1460	0.04763453	0.01695019	0.02046648	0.02050848	0.03533893	0.02385956	0.04816234	0.04133432	0.03786089	0.02672546	0.04697750	0.04524471	0.03111430	0.02729041	0.04323572	0.04712591	0.05058276	0.01505211	0.05051759	0.03895300	0.03986735	0.02264584	0.01994639	0.04166517	0.05250795	0.03536282	0.03784135	0.03522794
1480	0.04183936	0.02801075	0.02838361	0.02427004	0.03793427	0.03304643	0.04057459	0.04442276	0.03517278	0.02135049	0.04121140	0.04030962	0.02005182	0.04128763	0.03995517	0.05097270	0.04362524	0.01440754	0.03721644	0.04803023	0.04226912	0.02773697	0.02584390	0.04040367	0.03585029	0.04486642	0.03832189	0.03263487
1500	0.04790962	0.02006541	0.02907341	0.02370587	0.03202707	0.03266341	0.04513145	0.04463440	0.02533022	0.03199728	0.03698240	0.03823664	0.03084174	0.04046896	0.03869013	0.03016954	0.03613009	0.02010489	0.04301338	0.04000813	0.05176341	0.02417499	0.02375712	0.03762177	0.03826189	0.03620048	0.05133118	0.04970514
1520	0.04443075	0.02223072	0.02303715	0.03716092	0.02875297	0.03435186	0.03876043	0.04770098	0.04849932	0.02457717	0.04041320	0.04289370	0.01772689	0.04379510	0.04345884	0.02928352	0.04346802	0.02057760	0.04104178	0.05287978	0.04118697	0.02514718	0.02162536	0.03442372	0.04053340	0.03863278	0.03246732	0.04094257
1540	0.04602276	0.02050816	0.01079529	0.02805233	0.03942251	0.04044899	0.03068795	0.04591008	0.04136312	0.03421806	0.03759870	0.04806502	0.02862034	0.04211692	0.04127273	0.03035657	0.04351112	0.01236745	0.05279830	0.03253007	0.04096770	0.02215134	0.02124088	0.04188842	0.03721300	0.05135680	0.03937581	0.03913957
1560	0.03644625	0.02056782	0.01995532	0.02977460	0.03672366	0.03670374	0.02968166	0.04494194	0.03527832	0.02407288	0.04176195	0.03419462	0.01972652	0.04754422	0.04541345	0.04958905	0.03787328	0.01797669	0.03057159	0.04035789	0.04473986	0.02442166	0.02613924	0.04475970	0.05321533	0.04301193	0.05519576	0.02936108
1580	0.05068556	0.01668605	0.02208328	0.02843793	0.02814785	0.03556604	0.03481626	0.04017137	0.03994627	0.02652254	0.03638304	0.04126653	0.02336319	0.04621556	0.03608463	0.04164540	0.05498037	0.01789694	0.03807233	0.03393112	0.04609157	0.02512240	0.02061718	0.04219342	0.05492101	0.02515546	0.05433666	0.03866003
1600	0.03581751	0.01772001	0.02484106	0.02972567	0.03019407	0.03298268	0.03424564	0.03927846	0.05405436	0.02380361	0.03926403	0.03655754	0.02030818	0.05185597	0.02904411	0.04797029	0.03899769	0.02339853	0.04146101	0.05172982	0.05024645	0.02717182	0.02710879	0.04031380	0.04102823	0.03957466	0.04570104	0.02560498
1620	0.04704441	0.01640044	0.02169921	0.02119665	0.03061856	0.03900247	0.04363902	0.03807979	0.03582463	0.03085819	0.03878823	0.04454480	0.01376229	0.04608355	0.04069728	0.03377008	0.04613104	0.02388921	0.04373373	0.05244036	0.04259711	0.03015838	0.02629500	0.03336346	0.04247458	0.03399443	0.04802986	0.03488323
1640	0.04884229	0.02019692	0.02766204	0.02838889	0.03318450	0.03551887	0.03645963	0.03453844	0.03784871	0.02657280	0.03938435	0.02803233	0.01685482	0.04838509	0.04282730	0.03349805	0.05041354	0.01796279	0.04123064	0.04456109	0.04294736	0.02701177	0.02687861	0.03990917	0.04289382	0.03160106	0.05223943	0.04415567
1660	0.05020312	0.02166552	0.02627656	0.01940340	0.03408763	0.03845128	0.04436655	0.05272940	0.03215531	0.02311079	0.03958576	0.03014622	0.02665291	0.05554866	0.03735510	0.04063776	0.03625233	0.01582284	0.04152056	0.04481425	0.05031664	0.02505888	0.01747447	0.03829336	0.04683453	0.03133073	0.04519054	0.03471490
1680	0.04359891	0.02603622	0.03176009	0.02368790	0.03475720	0.03407795	0.03791459	0.04277289	0.03792884	0.02509935	0.04333775	0.04830698	0.02265792	0.05564919	0.04222068	0.03612110	0.04997455	0.01602487	0.04287756	0.03063534	0.04732797	0.02698033	0.02247368	0.04144124	0.02812324	0.03374905	0.04118170	0.03328291
1700	0.03904414	0.02157063	0.03353651	0.03423571	0.02422236	0.03132604	0.04901462	0.04660119	0.03428460	0.02447247	0.02801484	0.03963271	0.02331089	0.04823535	0.04153435	0.04428924	0.04499897	0.01293388	0.04318584	0.03993469	0.04471404	0.02127768	0.02500957	0.03531904	0.05454447	0.02854275	0.05246346	0.03374997
1720	0.04252498	0.01894956	0.02588752	0.02575329	0.02837528	0.03843433	0.04575107	0.04225048	0.03625115	0.02209333	0.03961179	0.03953120	0.02305139	0.03997020	0.03768753	0.03655063	0.04267079	0.02342858	0.03682099	0.03780948	0.05068200	0.02501171	0.02445704	0.04361543	0.04641142	0.04700054	0.04479771	0.03462057
1740	0.03576862	0.02404104	0.02479142	0.02645637	0.03325229	0.03887108	0.04459539	0.04029025	0.03374477	0.03447077	0.03801447	0.03670923	0.02226752	0.04475273	0.03912318	0.03607865	0.04714383	0.01999645	0.04757818	0.04110129	0.04464552	0.03567295	0.02313812	0.03808242	0.03937972	0.03510693	0.04077204	0.03415478
1760	0.04789390	0.01562905	0.02545979	0.02797841	0.03093694	0.04913103	0.04808115	0.03723555	0.03363969	0.02968379	0.03594692	0.03916524	0.02345745	0.05195339	0.04379399	0.03381433	0.03450559	0.02176182	0.04249681	0.04468891	0.05435090	0.02771590	0.01524122	0.03644167	0.04319344	0.03312185	0.04326261	0.02941867
1780	0.04443758	0.01301849	0.02391177	0.03338504	0.04031509	0.02985514	0.04539365	0.03940591	0.03572224	0.02321375	0.04237826	0.03863800	0.02664896	0.03914555	0.04114064	0.03880861	0.04577074	0.01501631	0.03524441	0.03747627	0.04869444	0.03145305	0.01933965	0.04602805	0.04591559	0.03239828	0.05522984	0.03201467
1800	0.05039434	0.02038733	0.02655352	0.03076224	0.02866172	0.04516462	0.04353988	0.04186181	0.03856235	0.02128715	0.03707546	0.04056797	0.01294677	0.05635439	0.03975783	0.03456361	0.04821976	0.02525757	0.04629929	0.03857920	0.05036495	0.02143991	0.02028507	0.03487386	0.04295085	0.02949606	0.03718425	0.03660824
1820	0.04565894	0.01917824	0.02529466	0.02019308	0.03709453	0.03965105	0.04129748	0.04212769	0.03942977	0.02756937	0.04259474	0.04256707	0.01617250	0.04209148	0.03375004	0.02428442	0.04406943	0.02544654	0.04110499	0.04814233	0.04366662	0.02366496	0.02638938	0.04854859	0.03823847	0.03795141	0.05145561	0.03236659
1840	0.05167356	0.01767675	0.02414595	0.01914369	0.03337796	0.05515529	0.03998852	0.04244655	0.03928123	0.02243617	0.03604370	0.03859738	0.03363099	0.05174466	0.03718395	0.02706252	0.03472890	0.01769584	0.03508670	0.03762861	0.04551184	0.03224234	0.02564682	0.04321902	0.04339197	0.03332482	0.04418206	0.03775222
1860	0.04768869	0.03035913	0.02379955	0.02306382	0.03773512	0.05035884	0.03922661	0.03860386	0.04120499	0.02830336	0.04872152	0.03769497	0.01109113	0.03929655	0.03558593	0.03564403	0.05321684	0.02173524	0.05184164	0.03568697	0.04071360	0.02288323	0.02015032	0.04403089	0.02808766	0.03666939	0.03626635	0.04033975
1880	0.04977707	0.01755382	0.03164929	0.02824560	0.02935466	0.03099284	0.04279686	0.04186939	0.03734609	0.02848127	0.03444020	0.04332715	0.02128374	0.04736116	0.03698363	0.04838288	0.04453520	0.01932394	0.03048652	0.04202777	0.03971916	0.02767181	0.02809601	0.03795059	0.03919150	0.05477043	0.03501448	0.03136695
1900	0.03922919	0.01504101	0.01793938	0.03010849	0.03477768	0.03242039	0.03819489	0.03767577	0.05077891	0.02425753	0.03198169	0.04299763	0.03043002	0.04848131	0.03659589	0.03552976	0.03422869	0.02376153	0.04579424	0.04690571	0.05150118	0.02974805	0.02336308	0.03935140	0.05367807	0.04012450	0.03394274	0.03116125
1920	0.05042006	0.01881169	0.02460512	0.03230970	0.03078001	0.03288722	0.04177531	0.04198971	0.04842709	0.02184344	0.03450070	0.03932616	0.03943765	0.04300150	0.04256698	0.04304931	0.03583188	0.01592702	0.03400365	0.04464694	0.05211497	0.01836337	0.02395830	0.04542553	0.03925047	0.03742285	0.03953248	0.02779093
1940	0.04519437	0.02133512	0.02391806	0.03414893	0.03425480	0.02868822	0.04951342	0.03385510	0.04076789	0.02460846	0.03259177	0.04799583	0.01744422	0.04114770	0.03645080	0.03642970	0.05485423	0.01755478	0.04289784	0.04972514	0.04085880	0.02504148	0.01988298	0.03315710	0.04162017	0.04762371	0.04333389	0.03510548
1960	0.04037924	0.01920063	0.02583785	0.03220764	0.03106239	0.03089276	0.04934676	0.03970498	0.03862933	0.02782556	0.03291534	0.03444278	0.01465863	0.05799009	0.03838306	0.03681589	0.04778320	0.01755313	0.03893603	0.03752518	0.04992003	0.02559568	0.02310800	0.04078753	0.03818429	0.04634872	0.04720754	0.03675773
1980	0.03870870	0.01545264	0.02796236	0.02540646	0.03147229	0.02163937	0.04168652	0.03622274	0.04086817	0.02451715	0.04409715	0.04042115	0.02592762	0.02552216	0.03831211	0.03598596	0.04604337	0.02855569	0.04932361	0.05111348	0.04830649	0.02193304	0.02483439	0.04141182	0.04335374	0.04492252	0.05213883	0.03386049
2000	0.04595783	0.01746440	0.01794690	0.03613994	0.03439757	0.05699461	0.05217238	0.03534219	0.03462894	0.02484826	0.04061949	0.04271095	0.01983841	0.03558205	0.03566855	0.03750447	0.04101338	0.01550105	0.03590209	0.04409040	0.04587437	0.02435724	0.01895969	0.03860457	0.04625640	0.05791990	0.03456054	0.02914345
2020	0.05638318	0.02064763	0.02672140	0.02822605	0.02959305	0.02742354	0.04642508	0.03232637	0.04528027	0.03041443	0.04406019	0.03851811	0.01851631	0.03229878	0.04077758	0.02822185	0.04596898	0.01670424	0.04852345	0.04753185	0.05566307	0.02707275	0.02067498	0.04451940	0.03477723	0.03051592	0.05085766	0.03135665
2040	0.04309989	0.01989386	0.02114208	0.02359166	0.04039276	0.04176288	0.04468191	0.03073685	0.03795824	0.03289185	0.04088618	0.03183416	0.02092688	0.04967077	0.03323110	0.03339303	0.04636088	0.01799987	0.03102335	0.04907240	0.04301766	0.02773682	0.02516315	0.04226657	0.04122593	0.03624677	0.05628019	0.03751229
2060	0.03657499	0.02249468	0.02051178	0.02410082	0.03384657	0.02886037	0.05045689	0.02932919	0.04306678	0.02243356	0.03664949	0.04161246	0.02630865	0.05069776	0.04064946	0.04886791	0.04573216	0.02477317	0.04287881	0.04263463	0.04335754	0.02141866	0.02350675	0.03800261	0.04263843	0.03667431	0.04496892	0.03695263
2080	0.05090352	0.02127705	0.02442523	0.03052217	0.03364295	0.04396352	0.04060309	0.03722327	0.03266238	0.02670805	0.04238598	0.04145888	0.02072523	0.03867828	0.04120109	0.02916011	0.04599216	0.01629897	0.04984616	0.04901815	0.03895053	0.02440889	0.02279719	0.03761124	0.04517224	0.04207600	0.03736621	0.03492151
2100	0.04640489	0.01597837	0.02417650	0.02519597	0.03346480	0.02656758	0.04590559	0.03721316	0.03850255	0.02284495	0.02826526	0.03915250	0.01774493	0.03916509	0.03815237	0.03787054	0.04748039	0.01871904	0.05895235	0.04711961	0.05546089	0.02773622	0.02184611	0.04528715	0.03940154	0.04507129	0.04484940	0.03147096
2120	0.04483993	0.02083117	0.03623132	0.02656033	0.03491755	0.03751925	0.03850418	0.04523625	0.03917985	0.02390740	0.04333795	0.03631047	0.01477034	0.04506599	0.04524477	0.03192668	0.04228844	0.03134158	0.04601645	0.03757767	0.04966454	0.02373822	0.01848842	0.03981549	0.03737524	0.03354935	0.04396880	0.03179237
2140	0.05338404	0.01723353	0.02443407	0.02415259	0.03068202	0.03475104	0.03871415	0.04123237	0.04832699	0.02374240	0.03316911	0.04010915	0.01994840	0.05305811	0.03413249	0.03540504	0.03322665	0.01523616	0.03693818	0.04230248	0.05254047	0.02352314	0.02254010	0.03857166	0.04241482	0.04754876	0.05188326	0.04079882
2160	0.04779094	0.02385997	0.01934214	0.02380110	0.02949831	0.04054045	0.05058259	0.03656330	0.04297188	0.02148254	0.03761815	0.03687225	0.01373061	0.04353980	0.04779595	0.03050935	0.04202065	0.02244841	0.03902949	0.04728617	0.03973013	0.02702037	0.02293300	0.04666560	0.03107978	0.04387847	0.05838760	0.03302103
2180	0.04973284	0.01853394	0.01836879	0.02398283	0.03659217	0.02617637	0.04910873	0.03872153	0.04585014	0.02554922	0.04472280	0.03225057	0.02727591	0.03875667	0.03708806	0.03945885	0.03932103	0.01489503	0.05723811	0.04460413	0.04319081	0.02212302	0.02371093	0.03920131	0.04726063	0.04398632	0.04036339	0.03193585
2200	0.03679037	0.02480551	0.02486067	0.02860871	0.02960927	0.03647651	0.04298327	0.03508500	0.03319654	0.02945589	0.05042901	0.03628696	0.02604547	0.03313310	0.04065289	0.04344240	0.05231514	0.01311058	0.04598526	0.04131941	0.04998158	0.02115550	0.02193004	0.03835244	0.04276774	0.03764148	0.04631491	0.03726435
2220	0.04359411	0.02190684	0.03178018	0.02651337	0.03335706	0.03919986	0.04509146	0.03563707	0.03520524	0.02193363	0.04712318	0.04093763	0.02841191	0.03491549	0.03537665	0.04204247	0.04939328	0.02560921	0.03544348	0.03032453	0.04915107	0.02578544	0.02521531	0.04270905	0.03744556	0.04232422	0.04272209	0.03085061
2240	0.06019535	0.01799597	0.01879653	0.02354355	0.03101843	0.03098970	0.03345625	0.04701812	0.03848488	0.02133098	0.05966035	0.03869073	0.02001067	0.03832138	0.04187898	0.04033543	0.04420492	0.02147713	0.05209635	0.03444251	0.04239085	0.02902155	0.02680559	0.04126548	0.03344636	0.03444853	0.04696390	0.03170952
2260	0.04333789	0.02323022	0.02376860	0.02246462	0.03414187	0.04039632	0.04006981	0.03994656	0.04452013	0.02464036	0.03441281	0.03768369	0.02289261	0.04023964	0.04164909	0.04863071	0.03603267	0.02117889	0.04178529	0.03909117	0.05085972	0.02342481	0.02430724	0.03497861	0.04613923	0.03804090	0.04482873	0.03730781
2280	0.04028130	0.02332061	0.03478314	0.02847429	0.03379779	0.03238356	0.03028690	0.04167473	0.04559034	0.02425745	0.04259291	0.03947678	0.02882400	0.03714047	0.03814926	0.02993018	0.04360811	0.01424474	0.04603936	0.03134181	0.04439727	0.02347463	0.03408746	0.04698977	0.03762246	0.05270186	0.04121098	0.03331783
2300	0.04617973	0.02621979	0.02665360	0.02532698	0.03332841	0.02982161	0.03945719	0.04435833	0.04500166	0.02682903	0.03277659	0.02971289	0.03212687	0.05033687	0.03675923	0.05012177	0.03856171	0.00972469	0.04545688	0.05167904	0.03444845	0.02206011	0.03108844	0.03978167	0.03918174	0.03781501	0.04229857	0.03289314
2320	0.05133069	0.01987000	0.03122048	0.02256223	0.03481515	0.03556436	0.03727192	0.03775495	0.04123317	0.01859705	0.04669527	0.03631920	0.01941465	0.04606673	0.03877441	0.03986432	0.04048588	0.02038758	0.04718785	0.03583990	0.04904359	0.03026435	0.02079719	0.04918735	0.04157173	0.03857254	0.04021948	0.02908797
2340	0.04356191	0.02222042	0.02862750	0.03031577	0.03220934	0.03972049	0.04416769	0.04633131	0.03797796	0.02299595	0.04071841	0.03599015	0.02116588	0.04626649	0.04158004	0.03510718	0.05585627	0.01926614	0.03790155	0.03611489	0.04870472	0.02050381	0.01660456	0.04872766	0.03390253	0.04312521	0.03911267	0.03122352
2360	0.04672936	0.02516533	0.02857110	0.03207007	0.03457078	0.02508384	0.03543464	0.03657092	0.03943479	0.02406218	0.03509024	0.03674060	0.01389247	0.04355616	0.03460995	0.04845219	0.02430783	0.02920419	0.04250407	0.04582249	0.04130641	0.02596471	0.02670824	0.04299893	0.05599761	0.04776926	0.04983951	0.02754213
2380	0.03492121	0.02891049	0.02359224	0.02352072	0.02923807	0.04046972	0.04547674	0.05240451	0.04269428	0.02464036	0.02662196	0.04003991	0.01863217	0.03749434	0.04247647	0.04044577	0.03429875	0.01678756	0.03713189	0.04117767	0.04829485	0.02649988	0.02493882	0.04005864	0.04115692	0.05354785	0.04896928	0.03555895
2400	0.04176130	0.03071909	0.03430671	0.02091046	0.02928435	0.04133918	0.04662543	0.03240632	0.02831186	0.02747478	0.03561998	0.04052584	0.02943035	0.03559307	0.04384667	0.04147285	0.03628402	0.01608043	0.04972628	0.03957697	0.05958990	0.02172201	0.02708637	0.03794099	0.05021281	0.03087978	0.04003707	0.03123510
2420	0.03565404	0.02217965	0.02236965	0.03451953	0.03488619	0.03231981	0.04335080	0.04573463	0.03541382	0.02358871	0.04145527	0.03737333	0.01903496	0.04079754	0.03992458	0.03635733	0.03258126	0.01784885	0.03598538	0.03918844	0.04402282	0.02632863	0.02199747	0.03908929	0.05184311	0.03732336	0.06423882	0.04459271
2440	0.04689959	0.01383798	0.02781505	0.02859177	0.03230554	0.04054106	0.04592367	0.03279775	0.04621721	0.02664257	0.02823247	0.03941847	0.02577066	0.03948877	0.04076775	0.04179331	0.03964663	0.01961584	0.04048046	0.04097418	0.04271741	0.02484203	0.02492349	0.03867755	0.04413485	0.04860550	0.04684279	0.03149565
2460	0.04189673	0.01295617	0.01807453	0.02441002	0.02850667	0.03522580	0.04651006	0.03694799	0.04479679	0.02227953	0.04492644	0.03707644	0.02419758	0.04986200	0.03700913	0.04395855	0.03285373	0.01887248	0.05253802	0.03645002	0.04107395	0.02874475	0.02371890	0.03551555	0.03920135	0.04965227	0.04927801	0.04346654
2480	0.03865620	0.02184062	0.01338432	0.02205188	0.03057085	0.03151460	0.04044091	0.04991052	0.03666598	0.02549206	0.03528058	0.03910783	0.02604578	0.04074261	0.04052889	0.04668283	0.04525334	0.02205695	0.04007933	0.04788522	0.05508758	0.02387070	0.02067762	0.04035306	0.04534431	0.02820769	0.05680098	0.03546677
2500	0.03763923	0.01867668	0.02737632	0.02283524	0.02790888	0.03325648	0.04050817	0.04686220	0.03727959	0.02713547	0.03747642	0.04413174	0.02805958	0.04495784	0.05079810	0.04819592	0.03163926	0.01841671	0.04020188	0.04224850	0.03773249	0.02027626	0.02145377	0.04165557	0.03501630	0.04880723	0.05061465	0.03883952
