## trace file of population Pi values from gsi_sim.  NumBurnIn= 50000  NumSweeps= 20000 ThinningInterval= 20
SweepNumber	KANDR03	KANVI07	KAROL05	KBIGCK04	KBIGS07	KEEK05	KGAGA06	KGEOR05	KGISA01	KGOLS06	KGONF06	KHENS01	KIOW10	KKANE05	KKANT05	KKISA05	KKLUTU09	KKOGR05	KKOGR07	KKOKT10	KNECO07	KNORTH10	KPILG0506	KSALC05	KSALM06	KSTUY09	KTOGRT09	KTUBU09
0	0.04843735	0.02918412	0.03511836	0.02365090	0.02967054	0.04109832	0.03699876	0.03709518	0.03499035	0.02414890	0.03100847	0.04059559	0.03446124	0.04232055	0.03582463	0.04141619	0.04447205	0.02918508	0.03434684	0.04023245	0.03501351	0.02833380	0.02275942	0.03835874	0.04227883	0.03521723	0.04581052	0.03797203
20	0.05047003	0.02045008	0.02522724	0.02115815	0.02916159	0.04842380	0.04226455	0.03633194	0.03229649	0.02755611	0.04807456	0.04193540	0.02797209	0.03526615	0.03825536	0.04652632	0.04746365	0.01514206	0.05032540	0.04006902	0.04077538	0.02576486	0.02671433	0.03754313	0.03105655	0.03692772	0.03997593	0.03687211
40	0.04609099	0.01813830	0.02580291	0.03128156	0.02866950	0.04018775	0.04005630	0.04223477	0.04419350	0.02313058	0.03434968	0.03892831	0.02412422	0.03890588	0.04609633	0.02830286	0.03902253	0.01581863	0.04134245	0.04907218	0.04552919	0.02666502	0.01677881	0.04229942	0.04485522	0.04781207	0.04475341	0.03555765
60	0.04262437	0.02623828	0.02794734	0.02845527	0.03361117	0.03409500	0.03201879	0.04831142	0.03863180	0.02566203	0.03955577	0.04263668	0.01674004	0.04006584	0.04013087	0.02905352	0.04547948	0.02230532	0.04304063	0.04352968	0.04777470	0.03124968	0.02530514	0.03166093	0.04158457	0.04525297	0.04016822	0.03687052
80	0.04932617	0.01801278	0.03446317	0.03368590	0.03255245	0.03367250	0.04222825	0.03602868	0.04118448	0.02693971	0.03443807	0.04216166	0.02283919	0.05889918	0.03994977	0.03119869	0.04948829	0.01558158	0.04119153	0.03643066	0.05272192	0.02228162	0.02449282	0.03562504	0.02722361	0.03877788	0.04233515	0.03626925
100	0.04909620	0.02868211	0.01968281	0.02842656	0.03239410	0.03174808	0.03944452	0.03153781	0.04134886	0.02241936	0.03391783	0.03844501	0.03231581	0.04122277	0.03433149	0.03526135	0.05124153	0.02155875	0.05545260	0.05021911	0.04444890	0.02649584	0.02629886	0.03709305	0.03048650	0.03730835	0.04944597	0.02967587
120	0.04978660	0.01890704	0.02058609	0.02301327	0.03258247	0.03364339	0.04270004	0.05179950	0.03464640	0.02621996	0.04414900	0.04680884	0.02143206	0.04129715	0.03375178	0.03626660	0.03480638	0.01880741	0.04199734	0.04144667	0.04917062	0.02581001	0.02255085	0.04828015	0.04247029	0.04243880	0.03998411	0.03464717
140	0.04345839	0.01927822	0.02813098	0.02616916	0.02921184	0.02568055	0.04260354	0.03278238	0.04034835	0.02220134	0.04046311	0.03963873	0.01876037	0.04732158	0.03927347	0.03577825	0.04570926	0.01405157	0.05009516	0.04837198	0.04935557	0.03056037	0.01837784	0.05040982	0.03727686	0.04169152	0.04193091	0.04106888
160	0.04765016	0.01818274	0.02834988	0.02191287	0.03333672	0.04352979	0.03740920	0.04465921	0.04294357	0.02149444	0.04501164	0.03277537	0.02772728	0.04524420	0.03914118	0.03477001	0.04058267	0.02558181	0.03443596	0.03570648	0.04287968	0.02778418	0.03124802	0.04324826	0.03785620	0.03781220	0.04073040	0.03799588
180	0.05218643	0.02111557	0.02928892	0.03170571	0.03594423	0.03091863	0.03077011	0.05627978	0.03481682	0.02299438	0.03328587	0.04326434	0.02001166	0.04089999	0.03298834	0.03669562	0.03152376	0.02470111	0.04714164	0.04537325	0.04686201	0.02773371	0.02258814	0.04067371	0.03155960	0.03427653	0.05608745	0.03831268
200	0.04559318	0.02506188	0.02687843	0.02113405	0.03149855	0.04372065	0.03261406	0.03548888	0.04028699	0.03023479	0.03708986	0.03666837	0.02261595	0.04299200	0.04172070	0.03711963	0.03232925	0.02104726	0.03947776	0.03709581	0.05007192	0.02571550	0.02627431	0.03794139	0.05218714	0.04721831	0.04506056	0.03486282
220	0.04081614	0.02515092	0.02763812	0.03073968	0.03261815	0.03864359	0.04032676	0.03442634	0.04208099	0.02475543	0.03652528	0.03829996	0.03849773	0.02850431	0.03656696	0.04104051	0.03044228	0.01941728	0.03306395	0.04478679	0.04573348	0.02289323	0.01422648	0.03808909	0.04961884	0.04748797	0.05868618	0.03892358
240	0.05194143	0.01833678	0.02869972	0.03016071	0.03412473	0.04883943	0.04426757	0.03761989	0.03372104	0.01983521	0.03996684	0.04409747	0.01954353	0.04227654	0.04200990	0.03430746	0.03606931	0.02210654	0.05318832	0.03335289	0.04195865	0.02216624	0.02156409	0.04175373	0.04214886	0.03681418	0.05223116	0.02689778
260	0.03949740	0.01647883	0.01509728	0.03111030	0.03033544	0.04299561	0.04812418	0.04274284	0.03714537	0.02587392	0.03350710	0.03634108	0.03029662	0.04395678	0.03101392	0.04250605	0.03924896	0.01601055	0.04048563	0.05537783	0.03738008	0.02358197	0.02402526	0.04527834	0.03720056	0.03805929	0.05162574	0.04470307
280	0.04034043	0.02023560	0.03915147	0.02257964	0.03731625	0.05517633	0.03889267	0.04031853	0.04223723	0.02286304	0.02998995	0.03341316	0.02143403	0.03912109	0.04444402	0.03610258	0.04817265	0.02247495	0.03704173	0.04199608	0.04119996	0.02756061	0.02466334	0.03309744	0.02548230	0.04437719	0.05949305	0.03082468
300	0.03490444	0.02243995	0.02878694	0.02936691	0.03190611	0.02894934	0.03777860	0.04922492	0.03459747	0.02853557	0.03079928	0.04570573	0.02283696	0.02545244	0.04189278	0.03754025	0.04885294	0.01765442	0.04622323	0.04444546	0.04741286	0.02478138	0.02552685	0.04277299	0.04522554	0.03681146	0.05165873	0.03791645
320	0.03836687	0.02637152	0.02046696	0.02927725	0.03097210	0.03278927	0.04022407	0.05065425	0.03945150	0.02855178	0.03738267	0.03718011	0.01714552	0.04385374	0.04194070	0.04883800	0.04272198	0.01772529	0.04677024	0.04205994	0.04271670	0.02559913	0.02565054	0.04874113	0.02974628	0.03248296	0.04636577	0.03595374
340	0.04676281	0.01812728	0.02660399	0.03828544	0.03345365	0.04190456	0.04162864	0.03795364	0.03712524	0.02277153	0.03873106	0.04224361	0.01572295	0.06079920	0.03999889	0.03522137	0.04055575	0.02241992	0.03882825	0.03482984	0.04943963	0.02392434	0.01739273	0.03815897	0.04018838	0.03163205	0.05109816	0.03419812
360	0.04113813	0.02711160	0.03172456	0.02611566	0.03180396	0.03332126	0.04516353	0.03641711	0.04082019	0.02758847	0.03338278	0.04302322	0.02142856	0.04806886	0.03502603	0.03311877	0.04218870	0.02168957	0.04790128	0.04430149	0.04383778	0.02805571	0.01901488	0.04053325	0.04051825	0.03585193	0.04990292	0.03095156
380	0.04941119	0.02136378	0.02684798	0.02534540	0.03074000	0.03747073	0.03654304	0.04543023	0.03651144	0.03073727	0.03649239	0.03973498	0.02357990	0.03699016	0.03645684	0.03333593	0.04467910	0.01949328	0.03561131	0.05287684	0.04420158	0.02989165	0.01998846	0.03928261	0.03884014	0.03644335	0.05685522	0.03484519
400	0.04331099	0.01997841	0.02713623	0.02720485	0.03353045	0.05073492	0.04042854	0.04159651	0.03520611	0.02922753	0.03607538	0.03891039	0.02500092	0.04977233	0.04051336	0.04057842	0.04232037	0.01637422	0.03631924	0.04531349	0.03775327	0.02601178	0.02779782	0.03722237	0.03447388	0.03999650	0.04603676	0.03117494
420	0.04234815	0.02704092	0.03997950	0.02753023	0.02768935	0.03192090	0.04221460	0.04665602	0.05185615	0.02662265	0.03801634	0.03620364	0.01379348	0.03162178	0.03913853	0.03397956	0.03203239	0.02294200	0.03866322	0.05167247	0.04232913	0.02973133	0.01878065	0.04477956	0.03238994	0.04658873	0.04267549	0.04080328
440	0.05982239	0.01673887	0.02451665	0.01824418	0.03942424	0.04893448	0.03810392	0.02965898	0.02791589	0.02704770	0.03967402	0.03666758	0.01574068	0.03380189	0.03691621	0.05081089	0.03790664	0.02446966	0.04398635	0.05446253	0.04868582	0.02811686	0.02607497	0.04267601	0.03370328	0.03247303	0.05168904	0.03173720
460	0.04448998	0.02114567	0.02511415	0.02720940	0.02988401	0.03515447	0.03591260	0.04048380	0.03890360	0.02709374	0.04493554	0.03633181	0.02097932	0.04918824	0.03868949	0.03847512	0.05030568	0.01568964	0.03499621	0.03841190	0.05122842	0.02549467	0.02220274	0.04153011	0.04275472	0.04844384	0.04092899	0.03402213
480	0.04069513	0.02322333	0.02504585	0.02325328	0.03713638	0.04090351	0.04580230	0.03659562	0.04068044	0.02290089	0.04633852	0.03994633	0.02204517	0.04163325	0.04228058	0.03846338	0.04859221	0.02082319	0.03183107	0.04019930	0.04812573	0.02522030	0.01949413	0.03473385	0.03635937	0.04195233	0.04978679	0.03593778
500	0.04493755	0.02420158	0.02805411	0.02770816	0.04018298	0.02995713	0.04255587	0.03705597	0.03700027	0.02358309	0.03673511	0.03359970	0.03330574	0.03874985	0.04097998	0.04916331	0.02828834	0.02010382	0.04597544	0.04718948	0.05100893	0.02034336	0.01934813	0.03840890	0.03658706	0.05912594	0.03730164	0.02854854
520	0.05270549	0.01511387	0.01516559	0.02775830	0.03216199	0.04244518	0.05097784	0.03288330	0.04056877	0.02237479	0.03361926	0.03382142	0.02229154	0.03937537	0.04087803	0.03892937	0.04208143	0.02494600	0.04538750	0.04402597	0.04735129	0.02116519	0.01923673	0.04267624	0.03841831	0.04280763	0.05255902	0.03827457
540	0.04677489	0.01916954	0.02447887	0.02971429	0.03118183	0.03518074	0.04139880	0.04437234	0.04393528	0.02949575	0.04004049	0.03450054	0.02487558	0.04096821	0.03514431	0.04348785	0.03856196	0.01706868	0.03672356	0.04230093	0.03920540	0.02535174	0.02079150	0.04514481	0.05801078	0.03059388	0.03861857	0.04290888
560	0.04001347	0.01514606	0.02026557	0.03112228	0.03082116	0.04161021	0.04597141	0.04100158	0.03659656	0.02442452	0.03757336	0.02997852	0.02590619	0.03538285	0.03625394	0.03548493	0.04239721	0.01925305	0.04360017	0.04113857	0.04587492	0.01947040	0.02523632	0.04322819	0.05732625	0.03919853	0.05558702	0.04013675
580	0.05279740	0.02177073	0.02807277	0.03606269	0.03265695	0.02702771	0.03835706	0.03628822	0.04044892	0.02150380	0.04247605	0.04458979	0.02059042	0.04860249	0.03338924	0.03487643	0.03687221	0.01711552	0.04792751	0.04381847	0.05211024	0.02136844	0.02264706	0.03654929	0.04385595	0.04213429	0.04333342	0.03275689
600	0.05639944	0.02136268	0.02087644	0.02390332	0.02729723	0.03316257	0.03794898	0.04343609	0.03849796	0.02481223	0.04406643	0.03831001	0.01643776	0.04337233	0.04704367	0.03898148	0.03196783	0.01603841	0.04531916	0.03593314	0.04609218	0.02397254	0.02413525	0.04027435	0.04022560	0.04033121	0.05354843	0.04625330
620	0.04655985	0.01724387	0.02657672	0.02690238	0.03107259	0.02311253	0.04610479	0.04249536	0.04283437	0.02999793	0.04187261	0.03765344	0.02822875	0.04129410	0.03827695	0.03707743	0.04366601	0.01614694	0.04302644	0.03417964	0.04315612	0.02526705	0.02177861	0.04718872	0.04032270	0.04144020	0.04907540	0.03744848
640	0.04987589	0.02093392	0.02426825	0.02411532	0.03461162	0.03488938	0.04655107	0.03562352	0.04462726	0.02344178	0.03250838	0.04307922	0.01507657	0.03698760	0.03879996	0.03647957	0.05147899	0.01453729	0.04800913	0.03914207	0.04522645	0.02400582	0.02289522	0.03632266	0.03766335	0.05025000	0.04877559	0.03982413
660	0.04396842	0.01798820	0.02397838	0.02509984	0.03187778	0.03241049	0.03749331	0.04448818	0.04359799	0.02960179	0.03979127	0.03044761	0.03465252	0.05032210	0.04472627	0.03822017	0.04319812	0.01450249	0.03971880	0.04148016	0.05040580	0.02487401	0.02101482	0.04017620	0.03099530	0.04226329	0.04406753	0.03863917
680	0.03297380	0.02236048	0.03318264	0.02704924	0.03524633	0.03523279	0.04500565	0.04676046	0.03773933	0.02269534	0.04812443	0.03095534	0.02494871	0.03583369	0.03929591	0.04333208	0.04118001	0.02362734	0.04057528	0.03958129	0.04465312	0.02281585	0.02115529	0.04234380	0.03710224	0.04342080	0.04904057	0.03376818
700	0.05479748	0.01917003	0.02907651	0.02569989	0.03832021	0.04478462	0.04453882	0.03633484	0.03442515	0.02387365	0.03539940	0.03338816	0.02518909	0.04434402	0.03981467	0.03163195	0.03751574	0.01654329	0.04719740	0.03972938	0.05152425	0.02923008	0.02325307	0.04271658	0.03848316	0.03913610	0.04498536	0.02889707
720	0.03967652	0.01989522	0.02101322	0.02455228	0.04046172	0.02972312	0.04105774	0.04920425	0.03545130	0.03113634	0.04135754	0.04028322	0.02129457	0.04048105	0.03995567	0.03795621	0.04234207	0.00957991	0.03741169	0.04076510	0.04904725	0.02938574	0.02448515	0.04015488	0.03678501	0.06095924	0.04088995	0.03469406
740	0.04330652	0.01853523	0.02003857	0.02618101	0.03041337	0.03691689	0.04276328	0.03559820	0.03490178	0.02937500	0.03917978	0.03549140	0.02950060	0.04682734	0.04242830	0.03572063	0.04769935	0.01527820	0.04894381	0.04125672	0.04535138	0.02108413	0.01774546	0.04420114	0.06297700	0.03749253	0.03509143	0.03570096
760	0.03983820	0.02117965	0.01948770	0.02447392	0.03471666	0.03119484	0.04061402	0.03876692	0.03700576	0.03092486	0.03735230	0.03565290	0.02225586	0.04271304	0.03868552	0.04092320	0.04130027	0.02065733	0.04451366	0.04648084	0.05317736	0.02897146	0.02285614	0.03817869	0.03980791	0.04786889	0.04088021	0.03952188
780	0.04969835	0.02319970	0.02262472	0.02914274	0.03651034	0.04061172	0.05039395	0.03569252	0.03428171	0.02112923	0.02292441	0.03657589	0.03546801	0.03939205	0.03548197	0.04403912	0.03658050	0.01867403	0.03430022	0.04691586	0.03261793	0.02321919	0.02383567	0.03491601	0.04972177	0.04601855	0.05392160	0.04211221
800	0.03468511	0.02280701	0.02951643	0.02576196	0.02580403	0.03515294	0.04164514	0.04564429	0.04401784	0.02045228	0.03946070	0.03355553	0.02885569	0.03789291	0.03993692	0.04456821	0.04262270	0.02277136	0.03729732	0.04107935	0.05030423	0.02715087	0.01990863	0.04626831	0.03588526	0.03531967	0.04805612	0.04357919
820	0.04086192	0.02244062	0.02676484	0.03263992	0.02743132	0.03713786	0.03324404	0.05013813	0.04017226	0.02372219	0.03554368	0.03779111	0.03047323	0.04531113	0.03893249	0.03983303	0.04951376	0.01732013	0.03378767	0.03767537	0.04890013	0.02307995	0.02125109	0.04311436	0.03380724	0.03695052	0.05482555	0.03733647
840	0.04908162	0.02065491	0.02647104	0.03062662	0.02958479	0.03013480	0.04584679	0.03197426	0.03875242	0.02563779	0.02374628	0.03542940	0.03825678	0.02867475	0.03961404	0.03952712	0.04691939	0.02419527	0.05306917	0.03468207	0.03779729	0.02823642	0.02769093	0.03832135	0.04702188	0.04152808	0.05373488	0.03278986
860	0.04260266	0.02248952	0.02851005	0.03284879	0.02787455	0.02064110	0.04069927	0.03889990	0.03990923	0.02556677	0.02958377	0.04115745	0.02521441	0.04707931	0.04412102	0.03631791	0.03289835	0.02602535	0.04159629	0.03764666	0.04865745	0.01869341	0.02803883	0.05297059	0.03879091	0.04588710	0.04488548	0.04039386
880	0.05486115	0.02583084	0.02956651	0.02862900	0.03150371	0.03655629	0.03344908	0.03718287	0.04749250	0.02047823	0.04047573	0.04734745	0.02338984	0.03226298	0.03157719	0.02623996	0.04882404	0.02085563	0.04531774	0.03818641	0.04169096	0.03053177	0.02336426	0.04173243	0.04137225	0.03829497	0.04506777	0.03791844
900	0.05720877	0.02102647	0.02025155	0.03132424	0.04042024	0.03152684	0.02972507	0.04554512	0.03242152	0.02092392	0.04752333	0.04311575	0.02500711	0.03183103	0.04346109	0.05083762	0.04285481	0.02113330	0.04369088	0.04785842	0.04352712	0.02563539	0.01866313	0.04121484	0.04029889	0.03214419	0.03745163	0.03337773
920	0.04024198	0.01563271	0.01698763	0.03067013	0.03526105	0.03535228	0.04536391	0.04102249	0.04153601	0.02392827	0.04218773	0.03542767	0.02723062	0.04231089	0.04559874	0.03846402	0.04454489	0.02385982	0.04071224	0.05110822	0.04571521	0.02733012	0.01831493	0.04044558	0.03674616	0.04027641	0.03603626	0.03769406
940	0.03892309	0.02539148	0.02690641	0.02175557	0.02977064	0.03198856	0.03587949	0.04507800	0.03752056	0.02711655	0.03647828	0.04148848	0.01706429	0.05045417	0.03169808	0.03978314	0.03499888	0.02323337	0.05048873	0.03766003	0.04646415	0.02373170	0.02926458	0.04491097	0.03402684	0.04652427	0.05901327	0.03238639
960	0.04396910	0.02181252	0.03541326	0.02974885	0.03038021	0.03357455	0.04188302	0.03527284	0.04453158	0.02173420	0.03068078	0.03726003	0.02245135	0.04820588	0.04049889	0.03345129	0.04237339	0.02184955	0.05283581	0.04042649	0.03860775	0.02559599	0.02668938	0.03889330	0.03820466	0.04057259	0.04433684	0.03874588
980	0.04928192	0.01918180	0.02215556	0.03492994	0.02444638	0.03541911	0.04321985	0.04177093	0.03146563	0.02736547	0.02836726	0.03995703	0.01574525	0.04491152	0.03980723	0.03085534	0.05727096	0.01644079	0.05494573	0.04159726	0.03999338	0.02460087	0.02285800	0.04329467	0.02859381	0.04063626	0.06316209	0.03772596
1000	0.04895142	0.02369468	0.02359983	0.02925087	0.03449876	0.02867340	0.04519574	0.03746348	0.03427222	0.02338568	0.04349687	0.03998022	0.01552777	0.04837809	0.03035414	0.04795307	0.02473900	0.01645886	0.04254173	0.03404611	0.05981509	0.02503977	0.02014568	0.03971866	0.04842047	0.05162937	0.05033109	0.03243794
1020	0.04472864	0.02482225	0.01672921	0.02872743	0.02544890	0.03935994	0.04005404	0.03974485	0.03890047	0.02430693	0.04621469	0.04037955	0.02777243	0.03780149	0.04026746	0.03154418	0.03958766	0.02230345	0.04866996	0.04427642	0.04690725	0.02837277	0.02497066	0.03451220	0.04110670	0.03112938	0.04769752	0.04366358
1040	0.04938371	0.02107518	0.02710596	0.02109327	0.04007602	0.02147214	0.03091917	0.03968412	0.04591106	0.03120640	0.03114728	0.03953303	0.01252627	0.04886379	0.03660313	0.04499265	0.03623877	0.02922219	0.04235570	0.04311379	0.05824295	0.01973671	0.02781980	0.04375246	0.04179189	0.03834940	0.05072488	0.02705827
1060	0.04341711	0.01890990	0.02318656	0.02479094	0.03161793	0.03795827	0.04237855	0.03603749	0.03827542	0.02665501	0.02974193	0.04614819	0.02448011	0.03993639	0.04270926	0.03806778	0.03469152	0.01553529	0.05263982	0.03973702	0.04563196	0.03719949	0.02105056	0.04040689	0.04552769	0.03548488	0.05393619	0.03384784
1080	0.04076029	0.02601469	0.02183611	0.02457427	0.03132396	0.03840221	0.03363981	0.02971133	0.03786183	0.02397742	0.03243865	0.03065199	0.02564366	0.04665808	0.03837802	0.03742614	0.03359091	0.01612998	0.05660394	0.05023339	0.04166072	0.02653341	0.03132682	0.04020730	0.04834004	0.04188928	0.06041613	0.03376962
1100	0.04355856	0.02428331	0.03264351	0.02993412	0.03269233	0.03224064	0.03808889	0.04166608	0.04510741	0.02924759	0.04848453	0.03805662	0.02713300	0.04187342	0.03801769	0.04343353	0.04743557	0.01459043	0.03354261	0.03395422	0.04684523	0.01843853	0.02334849	0.03821285	0.04705224	0.03351695	0.04589973	0.03070192
1120	0.04908050	0.01728075	0.02404813	0.03096824	0.03635033	0.03652544	0.03663339	0.04501210	0.03600213	0.02564734	0.03814110	0.03715542	0.01591739	0.03242678	0.03130598	0.04059941	0.06116373	0.02129286	0.05435361	0.04063512	0.05489773	0.02366913	0.01855225	0.04170115	0.03518805	0.03775815	0.03777377	0.03992001
1140	0.05231683	0.01670605	0.02355272	0.02361943	0.03790275	0.04256716	0.04803465	0.03969442	0.04253927	0.03250358	0.03683992	0.03968291	0.02207020	0.04442310	0.03723429	0.03375145	0.03467875	0.01624953	0.03918509	0.04611822	0.04233129	0.02194620	0.01600381	0.03796924	0.03951331	0.03859869	0.05237149	0.04159567
1160	0.04557451	0.01833096	0.02088951	0.03290945	0.03270207	0.03505236	0.04100261	0.03172480	0.03767129	0.02265359	0.03029480	0.04499268	0.02198858	0.04316132	0.03813967	0.03945360	0.04146718	0.01517780	0.06228422	0.03608517	0.04269020	0.02922847	0.02595452	0.04846418	0.04159893	0.03128025	0.05563075	0.03359653
1180	0.04073092	0.01921739	0.02372299	0.02861289	0.03253474	0.03442278	0.04863758	0.03659732	0.04302934	0.02398867	0.03786297	0.04309261	0.02034653	0.05182212	0.04071050	0.03015569	0.03332655	0.02467258	0.02957573	0.04811170	0.05446226	0.01832596	0.02351480	0.03865028	0.04286297	0.03956534	0.05546070	0.03598609
1200	0.04414437	0.01729779	0.03976509	0.02334804	0.02858176	0.03419365	0.03702336	0.04038608	0.04288260	0.02639623	0.02521101	0.04451387	0.01826543	0.04177684	0.03715621	0.04582543	0.05382498	0.01667529	0.03952021	0.04046523	0.04329171	0.02733591	0.02363081	0.04189640	0.04700607	0.02979873	0.04971000	0.04007689
1220	0.04585866	0.02191525	0.03611832	0.02808090	0.03238520	0.03089531	0.05197646	0.04780451	0.03693731	0.01522243	0.03563718	0.04764000	0.02563251	0.03739195	0.03851611	0.03344605	0.03493564	0.01973536	0.03216025	0.05072820	0.04452337	0.02870138	0.02231267	0.03971200	0.03841305	0.04243730	0.04481401	0.03606862
1240	0.05306074	0.01538449	0.01871780	0.02884943	0.03562487	0.04188103	0.04272456	0.02882730	0.03656802	0.02813468	0.04168023	0.03644855	0.02109417	0.03996134	0.03934028	0.04052254	0.04331340	0.01194690	0.03725748	0.04556204	0.05344172	0.02456468	0.02475627	0.04320399	0.04716914	0.03812109	0.04483716	0.03700607
1260	0.05437119	0.01889219	0.02792342	0.03283868	0.02838681	0.02623842	0.04005493	0.04240733	0.03697663	0.02161207	0.03215113	0.04222531	0.01484449	0.05394095	0.04111902	0.04105949	0.04098720	0.02722477	0.04674028	0.04069998	0.04581221	0.02233805	0.01864447	0.03945940	0.03871205	0.02954506	0.05978546	0.03500902
1280	0.04388326	0.02953440	0.02124959	0.02676824	0.03285878	0.02446410	0.03981302	0.03423862	0.03602796	0.02897275	0.03559811	0.03681441	0.01515407	0.04691431	0.04069427	0.05362775	0.03849803	0.02412830	0.05446846	0.04563126	0.04086342	0.02094983	0.02123276	0.05104177	0.03487825	0.03349228	0.04812044	0.04008155
1300	0.04099784	0.01629204	0.02355729	0.02339936	0.03187976	0.03905973	0.03849100	0.04550980	0.03570129	0.02414965	0.04703652	0.03830478	0.02707672	0.04193595	0.04009708	0.04701597	0.04756970	0.01973235	0.05089316	0.04255023	0.04549157	0.02770946	0.02029044	0.04308634	0.03239568	0.03637192	0.04362739	0.02977701
1320	0.04834511	0.01545396	0.01629396	0.02080901	0.02875495	0.03173222	0.04739945	0.05346088	0.04127266	0.02425496	0.04320894	0.04005377	0.01722634	0.03983065	0.03817224	0.04357265	0.03659459	0.01812028	0.04656891	0.04541219	0.05365943	0.02695897	0.02015362	0.04861935	0.03683435	0.04227019	0.04267972	0.03228666
1340	0.04574478	0.02063213	0.02861924	0.02083931	0.02656437	0.03318012	0.03667469	0.04595666	0.04199697	0.02530014	0.04564290	0.03904116	0.02512035	0.04709581	0.04034791	0.04718952	0.04284797	0.01942996	0.03961322	0.04844710	0.04129447	0.02871092	0.02836856	0.03655678	0.02550559	0.03667643	0.04376472	0.03883822
1360	0.04629703	0.02202815	0.02539050	0.02357019	0.03221462	0.03553117	0.04340304	0.03604431	0.03899570	0.02574263	0.04942881	0.04215255	0.01606921	0.03964018	0.04165464	0.03172743	0.04133447	0.02756264	0.03594543	0.04557653	0.05443772	0.02515184	0.02431160	0.04225683	0.03953306	0.03792681	0.04343296	0.03263994
1380	0.05915076	0.02570328	0.03151372	0.01973681	0.03467039	0.04232188	0.03232943	0.03374512	0.04290306	0.02426841	0.03136668	0.04046622	0.02195216	0.03435150	0.03557036	0.03053952	0.04141749	0.02042817	0.05395086	0.04534815	0.04701233	0.02234020	0.02228266	0.04576741	0.03439094	0.03188240	0.05220644	0.04238365
1400	0.04082374	0.02087500	0.02385115	0.02199532	0.03917276	0.03237376	0.03691023	0.04032559	0.04270209	0.01946002	0.03658285	0.03829957	0.01943583	0.05877270	0.03957537	0.04161896	0.03262326	0.02360393	0.04413871	0.04437876	0.05001995	0.02308635	0.02151122	0.03502212	0.04491358	0.03727982	0.04922234	0.04142503
1420	0.04772740	0.02107634	0.02350677	0.02331450	0.03775045	0.02520621	0.04086011	0.04997933	0.03991139	0.02105421	0.03142717	0.03166209	0.03488038	0.05147780	0.04816723	0.03865809	0.04666513	0.02250083	0.04205068	0.03888270	0.04967677	0.02332332	0.02168991	0.03154845	0.04170738	0.03661954	0.04996395	0.02871186
1440	0.05115176	0.01919464	0.02362493	0.03048108	0.03055136	0.02457952	0.03643049	0.03736230	0.03761751	0.02661156	0.03475398	0.03409448	0.02585374	0.05655272	0.03418473	0.03451118	0.04569517	0.02245876	0.04539866	0.04400527	0.05298534	0.02723666	0.01497941	0.05021804	0.04942894	0.03488182	0.03583980	0.03931614
1460	0.04091908	0.02658669	0.02439850	0.02532050	0.02786820	0.03440580	0.02856480	0.04286831	0.03695020	0.02262829	0.04453191	0.04405056	0.02471734	0.04066831	0.03723939	0.04329075	0.04498909	0.01544079	0.04386636	0.05013141	0.05654013	0.01857965	0.02393737	0.03362192	0.04965517	0.04044604	0.04874375	0.02903969
1480	0.04391136	0.01446633	0.02971571	0.02253086	0.03209333	0.02368086	0.04571916	0.04271879	0.05130852	0.03331058	0.03738310	0.04421825	0.02048413	0.05175304	0.03681540	0.03716688	0.04024996	0.01255564	0.04539709	0.05140450	0.03536068	0.03020526	0.02220115	0.04097283	0.02961709	0.04726124	0.03416884	0.04332945
1500	0.05267481	0.02388932	0.03370283	0.02353717	0.03065998	0.02577294	0.04094675	0.03988444	0.04505530	0.02712751	0.03863612	0.04756533	0.02581234	0.04464535	0.04319753	0.04406731	0.03287539	0.02238973	0.03355648	0.03476787	0.04963641	0.02279203	0.01777508	0.03896970	0.04543657	0.04338543	0.04195003	0.02929023
1520	0.05010936	0.01952258	0.02812786	0.03194767	0.03491503	0.02157646	0.03844428	0.04521343	0.04938231	0.02313803	0.04354477	0.03649739	0.02379539	0.04201419	0.04410091	0.03530281	0.02886860	0.01656972	0.04635573	0.03262584	0.04296000	0.02483639	0.01824094	0.04718423	0.04667033	0.03874658	0.05044770	0.03886146
1540	0.04053237	0.01977608	0.02741870	0.02953931	0.03347557	0.04157515	0.03119693	0.04379924	0.04600372	0.03071647	0.02496377	0.03660531	0.01687600	0.04669189	0.04157364	0.03956975	0.03822058	0.01632287	0.03731588	0.03935333	0.04615304	0.03141174	0.02717728	0.04225280	0.04203618	0.04427570	0.05179336	0.03337336
1560	0.04289304	0.01739922	0.02761192	0.02436800	0.03162783	0.03828739	0.04828026	0.03858492	0.05125237	0.02279869	0.02821975	0.04111448	0.03378626	0.03996797	0.03996447	0.03154242	0.05317381	0.02501125	0.04326989	0.03963953	0.04433626	0.03303869	0.02326230	0.03480826	0.03208990	0.03511629	0.04655592	0.03199891
1580	0.04304119	0.01695671	0.02572555	0.03619114	0.02287973	0.04317170	0.05862771	0.04777035	0.03929736	0.02726878	0.04570339	0.03783885	0.01146667	0.04011471	0.03376106	0.04233611	0.02573468	0.01974684	0.03884824	0.03558043	0.04522613	0.02476251	0.03011393	0.04111349	0.04352956	0.05020716	0.03879776	0.03418827
1600	0.04183888	0.02309512	0.02674410	0.02464140	0.02930114	0.02317780	0.03778503	0.04272638	0.03893472	0.02641825	0.04561191	0.03907352	0.01860928	0.03919922	0.03729201	0.03831353	0.03914962	0.02254248	0.03504986	0.04541395	0.05262307	0.03363196	0.01747905	0.03904120	0.04853614	0.04931337	0.05191421	0.03254280
1620	0.04270453	0.02221831	0.02583119	0.02245782	0.03038556	0.04127839	0.03920314	0.04431826	0.04915688	0.02232826	0.03065062	0.04184665	0.02048349	0.04138785	0.03802252	0.03329171	0.03922174	0.01951547	0.04795559	0.03657505	0.04760004	0.02593817	0.02626161	0.03783659	0.04916419	0.03927780	0.04470746	0.04038110
1640	0.05195523	0.02042840	0.03085399	0.03350705	0.03758597	0.03972688	0.03969485	0.03789446	0.04473696	0.02092186	0.03343092	0.03590652	0.02639412	0.03798929	0.03768794	0.03399839	0.03661821	0.01984659	0.04427683	0.04487499	0.05482598	0.02605811	0.01936326	0.03333162	0.03850142	0.03363897	0.04737131	0.03857988
1660	0.04040527	0.02321727	0.02498372	0.02426789	0.03662466	0.03429215	0.04576474	0.03864875	0.02925532	0.02401227	0.04362601	0.03962642	0.02659932	0.04361149	0.04742382	0.03652838	0.04070886	0.01800967	0.04952463	0.04377665	0.03893031	0.02237096	0.02121017	0.04324917	0.04721850	0.03793067	0.03607368	0.04210923
1680	0.05213288	0.02388732	0.02415250	0.02566761	0.02803760	0.02777369	0.04068904	0.03871717	0.03200226	0.02571931	0.03855071	0.03782856	0.01949469	0.04461783	0.03957633	0.03891885	0.03838373	0.02073224	0.04154140	0.04214215	0.04829216	0.02177358	0.02684629	0.05046313	0.04307544	0.04036272	0.05364313	0.03497768
1700	0.04262034	0.02308020	0.02576102	0.02398042	0.03054312	0.02419954	0.04806090	0.05071770	0.04313401	0.02849601	0.04015255	0.03978993	0.02776217	0.03302449	0.04236178	0.02905646	0.04132575	0.01734207	0.04946972	0.04257921	0.04646181	0.02603414	0.02271984	0.04079411	0.03868698	0.02918657	0.05629558	0.03636359
1720	0.04476027	0.01916127	0.01727130	0.02439534	0.02643081	0.03286138	0.03641784	0.04767107	0.03359671	0.02533835	0.03852917	0.04261165	0.03109699	0.04800601	0.03706069	0.03325718	0.04036521	0.01949885	0.04269699	0.03609711	0.04155087	0.03281603	0.02090423	0.04146178	0.04583638	0.04752183	0.05451153	0.03827317
1740	0.04285547	0.02217322	0.01252893	0.02374992	0.03216242	0.03453693	0.03604358	0.03896267	0.03730737	0.03426506	0.04006359	0.03486530	0.01466889	0.04574396	0.03846113	0.03329730	0.04546959	0.01705023	0.04611646	0.04337431	0.04790646	0.01719582	0.02698242	0.04321560	0.05336784	0.03926841	0.06329244	0.03507464
1760	0.04267683	0.01768639	0.02331007	0.02499183	0.03088181	0.03281121	0.04254634	0.03299472	0.03817614	0.02455336	0.04231582	0.03631213	0.01547032	0.04572458	0.04966183	0.04262306	0.04544406	0.02938886	0.03794530	0.03890877	0.04695819	0.02668666	0.02543606	0.03258216	0.04806408	0.03937272	0.04952806	0.03694863
1780	0.04719709	0.01892133	0.02908248	0.02475161	0.03898477	0.04324046	0.03727460	0.03579548	0.03711367	0.02739805	0.03406260	0.04387290	0.02338790	0.04274974	0.04036652	0.04335406	0.03050932	0.01664959	0.04416356	0.03809365	0.04664018	0.02293029	0.02622949	0.04435563	0.03225875	0.04692838	0.05164812	0.03203979
1800	0.04265893	0.01826710	0.02502713	0.02617459	0.03767153	0.03214051	0.03112303	0.03695273	0.04234941	0.01955777	0.03701067	0.03422547	0.01984901	0.04958490	0.04460426	0.03934846	0.03474034	0.02133925	0.04790317	0.04640404	0.04849164	0.02523695	0.01798650	0.04209617	0.04220573	0.05180648	0.04871042	0.03653380
1820	0.04892183	0.01959283	0.02768226	0.02283607	0.02975465	0.04821139	0.04814133	0.03835034	0.04376488	0.03123080	0.03669267	0.03856058	0.01873286	0.04187041	0.03633585	0.04153350	0.04869105	0.02204768	0.04304087	0.03423678	0.04689794	0.02522404	0.01755751	0.03359347	0.03525346	0.03704308	0.04793933	0.03626255
1840	0.04781973	0.01820441	0.01729786	0.02956943	0.02915096	0.02753453	0.04443378	0.02806122	0.04258523	0.02247341	0.03730236	0.04378637	0.03049162	0.04434240	0.03947353	0.03983067	0.05264839	0.02192587	0.04180565	0.03913527	0.04584941	0.02815081	0.02539273	0.03554171	0.04311188	0.03832425	0.05136579	0.03439070
1860	0.04024439	0.01655471	0.02440614	0.03015111	0.03132024	0.03812425	0.04638987	0.03790501	0.03747004	0.01983253	0.03502627	0.04383677	0.02250401	0.05680345	0.04422219	0.03920493	0.03075439	0.01429811	0.04240573	0.04032613	0.05088898	0.02671065	0.02557591	0.04049205	0.03525094	0.04699123	0.04495578	0.03735420
1880	0.04379749	0.02518764	0.02882190	0.02693608	0.03038654	0.03340242	0.04077720	0.03599860	0.03696641	0.02385488	0.04410989	0.04346186	0.01540111	0.03971195	0.03997606	0.03621238	0.04798329	0.01808870	0.03776450	0.05544611	0.04850592	0.02517425	0.01996983	0.04505778	0.03387247	0.03513745	0.05165106	0.03634621
1900	0.03920743	0.02107984	0.03361986	0.02822827	0.02436841	0.02942152	0.03242508	0.04535714	0.03237924	0.02426260	0.03385453	0.04103278	0.01825167	0.04667449	0.04871656	0.03394929	0.04033402	0.01717802	0.04973694	0.04679399	0.04044841	0.02893171	0.02472579	0.04737482	0.03982029	0.04035115	0.05307248	0.03840366
1920	0.05189032	0.01779080	0.02979524	0.02395491	0.02788618	0.03038777	0.05110568	0.04866844	0.03810441	0.02519988	0.04019109	0.03048786	0.02639744	0.04200780	0.03733694	0.03147774	0.04260802	0.02163032	0.04827016	0.04169613	0.04824376	0.03115642	0.02284182	0.05131388	0.03771621	0.03750760	0.03225872	0.03207448
1940	0.05088630	0.01573893	0.02183386	0.03470607	0.03171347	0.03632922	0.04092524	0.03198627	0.04190932	0.02864739	0.03590589	0.03579760	0.02519067	0.03978596	0.03771342	0.04042723	0.04070737	0.02152390	0.03619682	0.04391757	0.05196301	0.01827284	0.02509549	0.04546144	0.04241922	0.03504888	0.05144632	0.03845029
1960	0.04397934	0.02272958	0.01639900	0.02385617	0.03171509	0.03914134	0.03527346	0.03332477	0.04109247	0.02603534	0.03851953	0.04047933	0.02005219	0.05012387	0.02983522	0.04672530	0.05940545	0.01691815	0.05083824	0.04534869	0.04986609	0.02436920	0.02573114	0.04093381	0.04248762	0.03228052	0.03938567	0.03315341
1980	0.03831514	0.02230596	0.02360772	0.02544218	0.03325006	0.04059828	0.03712202	0.04833223	0.03915315	0.02417179	0.02775615	0.03538837	0.01469141	0.04090967	0.03886170	0.03488870	0.03863491	0.01844551	0.05519853	0.04137510	0.05298100	0.03005155	0.03160375	0.03576291	0.04918312	0.03148823	0.06234251	0.02813834
2000	0.04044372	0.02090370	0.01811074	0.03199913	0.02953632	0.03962232	0.03660347	0.04253413	0.04253076	0.02896394	0.04646647	0.03469221	0.02346619	0.03276792	0.02925158	0.04241535	0.06213466	0.01823803	0.04317994	0.05260587	0.04618020	0.01995462	0.02343453	0.04284702	0.03513737	0.02856309	0.05025821	0.03715848
2020	0.04213292	0.02296322	0.02096741	0.02119033	0.03300191	0.03356938	0.04386116	0.02513153	0.04049451	0.02673656	0.04241415	0.03933670	0.02126280	0.03822303	0.03698646	0.04737503	0.06154847	0.01405785	0.04674502	0.03354112	0.03824952	0.02566006	0.02006551	0.03836901	0.04300952	0.04692163	0.06026645	0.03591874
2040	0.04745678	0.01824876	0.02298563	0.02393598	0.03276495	0.03422979	0.04276181	0.04783414	0.04118510	0.02730920	0.04507810	0.04080244	0.01747418	0.04524438	0.04300249	0.03412392	0.04646536	0.02685825	0.04070166	0.04006492	0.03746721	0.02402595	0.02177918	0.04485487	0.03534915	0.04243666	0.04066791	0.03489124
2060	0.04172698	0.01963635	0.02728718	0.02927536	0.03311377	0.03493449	0.04358675	0.04416496	0.03980160	0.02598797	0.03804347	0.03916793	0.02393932	0.03683370	0.03784621	0.04717875	0.04399199	0.01798927	0.04593698	0.03458903	0.04297327	0.02936446	0.02235049	0.04602598	0.04312599	0.02837613	0.04747017	0.03528144
2080	0.04477756	0.02270518	0.02420900	0.02921912	0.03096216	0.03704370	0.04274306	0.03288747	0.04072378	0.02427362	0.04256785	0.03961220	0.02137236	0.04929199	0.03688891	0.03947879	0.04884268	0.02217315	0.04121498	0.04518031	0.04837462	0.02058160	0.02069424	0.03926200	0.03480981	0.04791469	0.03869862	0.03349655
2100	0.04979886	0.02046771	0.02193277	0.02931579	0.02633400	0.04324565	0.04351298	0.04179499	0.03631474	0.02331382	0.04251804	0.04534378	0.02136970	0.04870556	0.03906525	0.03128435	0.03994241	0.01554418	0.03838359	0.04510762	0.03281292	0.03021244	0.02123195	0.04023170	0.04479189	0.03072266	0.06249675	0.03420389
2120	0.04649493	0.02357144	0.01916813	0.02993399	0.02916017	0.03237377	0.04669179	0.04889915	0.04611010	0.02604770	0.04114626	0.03414751	0.02320257	0.03405218	0.04406895	0.03248028	0.06943499	0.02232958	0.03046171	0.04065734	0.04669773	0.02461624	0.02828401	0.03479871	0.04127567	0.03284927	0.04044023	0.03060562
2140	0.04871676	0.02267256	0.01937835	0.02649075	0.03415520	0.04808189	0.04991494	0.02887775	0.04312970	0.02671539	0.04107653	0.04157178	0.01920001	0.03803199	0.04161021	0.03254833	0.03696915	0.01633677	0.04315575	0.03840728	0.03626973	0.02376947	0.02234834	0.04236381	0.04367782	0.04456256	0.05166022	0.03830696
2160	0.04878093	0.01381400	0.02257456	0.02275694	0.03136722	0.03084663	0.03965672	0.04020001	0.04251031	0.02794433	0.03977555	0.03896125	0.03190229	0.02781111	0.04042628	0.04338233	0.04421280	0.01587948	0.04634781	0.03941790	0.05057711	0.02856595	0.02473615	0.04203419	0.04172269	0.04449989	0.04588912	0.03340648
2180	0.04017829	0.02738182	0.02303523	0.02855233	0.02933024	0.03551264	0.03929472	0.04164959	0.02897771	0.01740480	0.04281928	0.03402763	0.02670882	0.05449321	0.04033072	0.03837033	0.05524031	0.02840252	0.04139206	0.03491780	0.04199618	0.02710303	0.02572022	0.03721146	0.04393050	0.04242383	0.03657832	0.03701641
2200	0.04307275	0.02184281	0.02281419	0.02419705	0.03046809	0.03245297	0.03398211	0.03566182	0.04156772	0.02843339	0.04047080	0.04216641	0.01294843	0.05690939	0.04568127	0.03730779	0.04979528	0.01799205	0.04532507	0.04883087	0.04528282	0.02592202	0.02705784	0.04234487	0.02682891	0.04549009	0.04783816	0.02731500
2220	0.04792953	0.02175869	0.02770837	0.02668814	0.03582366	0.02877706	0.04010400	0.04612343	0.04092754	0.01989413	0.04002794	0.04591472	0.01494302	0.04000802	0.04590064	0.04120154	0.04534823	0.01872504	0.02541714	0.04604047	0.05203637	0.02304059	0.02621045	0.04446728	0.04806299	0.03018482	0.04911030	0.02762591
2240	0.05412390	0.02125769	0.03150118	0.02523585	0.02464452	0.03262572	0.03771986	0.04263339	0.04233644	0.02076154	0.02708554	0.03877644	0.01780918	0.05831991	0.03894313	0.02873155	0.03888218	0.02760890	0.04095340	0.04012718	0.05176664	0.02881648	0.01979531	0.03598726	0.05234882	0.04192010	0.04223178	0.03705611
2260	0.04015197	0.01662751	0.03338412	0.03039289	0.02979123	0.03089439	0.03900532	0.04663374	0.04202307	0.02425129	0.03320924	0.03313287	0.02719549	0.04295003	0.04318558	0.03524573	0.04600068	0.02267275	0.04792775	0.03733713	0.04884991	0.02718017	0.01401422	0.03414813	0.03900173	0.04084870	0.05986851	0.03407586
2280	0.04149932	0.02071782	0.01674583	0.02235971	0.03338711	0.04380330	0.03397829	0.03854530	0.03157728	0.02228565	0.04273254	0.03885734	0.01166618	0.05000051	0.04453666	0.04423351	0.04719570	0.02192696	0.04311950	0.04679582	0.04757411	0.02171720	0.02597312	0.04251759	0.03399934	0.05467626	0.04699648	0.03058158
2300	0.05030160	0.01891087	0.03894590	0.02603171	0.03505511	0.03415742	0.04350521	0.03732252	0.03526151	0.02634940	0.03718486	0.04104539	0.01752547	0.04065955	0.03928432	0.03212610	0.05076824	0.00618961	0.04831898	0.05587976	0.04231296	0.01926157	0.02206642	0.04700325	0.03721417	0.03765669	0.04763685	0.03202457
2320	0.03972462	0.02413460	0.03894383	0.02637628	0.03136479	0.05079453	0.05260356	0.03623923	0.03799612	0.02690710	0.03530784	0.03643561	0.02238831	0.03529765	0.03606421	0.04323335	0.04027574	0.01994208	0.05567082	0.03422346	0.04327397	0.02033844	0.01992639	0.04523703	0.03955864	0.03315265	0.03972378	0.03486534
2340	0.04363065	0.01832642	0.02573207	0.02583956	0.03571217	0.03793656	0.04444243	0.04521270	0.03707023	0.02357470	0.04267629	0.04292837	0.03125067	0.03545732	0.03937666	0.04087987	0.03356653	0.01647890	0.04071225	0.04705083	0.03879011	0.02823331	0.01726998	0.04062875	0.04658469	0.03725736	0.04072720	0.04265340
2360	0.04479187	0.01766703	0.02945766	0.03142240	0.03187236	0.03273530	0.04443818	0.03126164	0.04212177	0.03131635	0.05024158	0.03994629	0.01775721	0.04127914	0.04000705	0.03720513	0.04322961	0.02066096	0.04601382	0.05147470	0.03952187	0.02319667	0.02101425	0.03843684	0.03840688	0.03186687	0.04768099	0.03497561
2380	0.05777212	0.01607257	0.03197894	0.02340856	0.03015905	0.03046304	0.04332190	0.05070079	0.04400693	0.02713769	0.03811470	0.04152981	0.02163115	0.04384538	0.03597855	0.04445792	0.02876314	0.02178427	0.03506330	0.02590478	0.05097211	0.03173101	0.02335053	0.03778943	0.04263949	0.03464399	0.04586422	0.04091460
2400	0.04158859	0.01953667	0.01724714	0.02509142	0.04322000	0.04039021	0.04872321	0.04270563	0.03468606	0.02456643	0.04228297	0.04116666	0.01501017	0.04380379	0.04332287	0.04621561	0.02787026	0.01905279	0.03255191	0.04046184	0.05012703	0.03385579	0.02433986	0.04460456	0.04441058	0.02768865	0.04455243	0.04092687
2420	0.05166638	0.02259528	0.01851133	0.02310786	0.03475853	0.02612694	0.03710603	0.04646420	0.03786209	0.03203629	0.03923368	0.03711186	0.02406954	0.05515452	0.04697093	0.03582181	0.03955131	0.02245447	0.04965134	0.04541531	0.04463161	0.02241050	0.02370780	0.03718065	0.03652910	0.04054321	0.04122546	0.02810198
2440	0.04188584	0.02053759	0.02473424	0.02941632	0.03118115	0.04326523	0.04165429	0.03305129	0.03421492	0.02409612	0.04648585	0.03931947	0.01903569	0.05028372	0.03765332	0.05195575	0.03021585	0.01077753	0.04529031	0.04984231	0.03688167	0.02489786	0.02528765	0.03775241	0.04527951	0.04974577	0.04037400	0.03488432
2460	0.03334081	0.02485792	0.01722726	0.02456670	0.03627170	0.03125049	0.03714848	0.04153684	0.04127047	0.02625973	0.04749482	0.03934287	0.01790771	0.05018239	0.04705252	0.04411547	0.04377542	0.02211236	0.03453530	0.04360288	0.04020341	0.03046819	0.02941210	0.03860446	0.05824572	0.02339747	0.03993630	0.03588020
2480	0.03969219	0.01802611	0.02173964	0.02323001	0.02827076	0.03828572	0.04392921	0.03949340	0.03275369	0.02390123	0.04577037	0.03983853	0.03006202	0.03734511	0.04939181	0.05059699	0.03748131	0.01826622	0.03987815	0.04072132	0.05197417	0.02189232	0.01990761	0.04292921	0.03751872	0.03932839	0.05825885	0.02951695
2500	0.03394739	0.02457837	0.02607794	0.02725500	0.02882358	0.03228554	0.03876677	0.04419280	0.04319643	0.02410523	0.03853770	0.03359110	0.01959779	0.04380314	0.03999077	0.04367934	0.04487679	0.01447764	0.04588831	0.04474969	0.05704985	0.02830631	0.02254779	0.03817563	0.05029925	0.02898342	0.04465003	0.03756640
