## trace file of reporting unit Pi values from gsi_sim.  NumBurnIn= 50000  NumSweeps= 999 ThinningInterval= 20
SweepNumber	Norton	Upper_Yukon	Middle_Yukon	Lower_Yukon	Bristol_Bay_Kusk
0	0.12702881	0.04009995	0.11558163	0.09473795	0.62255166
20	0.10249555	0.03153541	0.11886829	0.11234940	0.63475135
40	0.11408347	0.03551273	0.12109097	0.10404162	0.62527120
60	0.11052851	0.04052652	0.11653438	0.09615481	0.63625578
80	0.11985441	0.03700602	0.12978471	0.12189486	0.59145999
100	0.12448239	0.02801558	0.11256870	0.10511334	0.62981999
120	0.11639554	0.03348028	0.13337293	0.09995020	0.61680105
140	0.10835403	0.03021060	0.12148043	0.10527266	0.63468227
160	0.11601673	0.03222637	0.11452724	0.09138903	0.64584063
180	0.11074392	0.03082614	0.11059083	0.11031950	0.63751960
200	0.11042763	0.03391598	0.11574613	0.11322087	0.62668938
220	0.10516754	0.03041995	0.11709233	0.10656777	0.64075240
240	0.10320160	0.03220766	0.11391278	0.10587577	0.64480220
260	0.10123063	0.03591565	0.11923892	0.10644770	0.63716709
280	0.12847702	0.03485838	0.10844657	0.09940806	0.62880998
300	0.10657717	0.03140085	0.11590563	0.10788412	0.63823223
320	0.10221071	0.03529926	0.11768569	0.10309155	0.64171279
340	0.10875498	0.03319043	0.11583123	0.11017973	0.63204362
360	0.11482993	0.02592451	0.12197597	0.11466470	0.62260489
380	0.11480701	0.02787094	0.11276686	0.10658354	0.63797164
400	0.10604849	0.03540414	0.12173967	0.09848100	0.63832670
420	0.11548774	0.03645391	0.12012053	0.11069565	0.61724217
440	0.11476202	0.02823290	0.11791602	0.10143690	0.63765216
460	0.10555431	0.03827957	0.12596825	0.10535817	0.62483970
480	0.10809781	0.03275615	0.12471315	0.09129816	0.64313473
500	0.10790120	0.03570380	0.12037732	0.10295925	0.63305843
520	0.11979279	0.03021807	0.11661099	0.10700185	0.62637630
540	0.11827150	0.03311121	0.10126669	0.10949897	0.63785164
560	0.11841648	0.03153776	0.09433943	0.11004094	0.64566539
580	0.10340874	0.03497743	0.12570981	0.10047849	0.63542553
600	0.10492002	0.03064565	0.12745056	0.10224955	0.63473422
620	0.10783757	0.03335173	0.12189914	0.09007052	0.64684105
640	0.11319489	0.03371042	0.11083831	0.09167932	0.65057705
660	0.10617564	0.03187955	0.11796682	0.10126522	0.64271277
680	0.10600199	0.03160864	0.12701716	0.09739628	0.63797592
700	0.10874634	0.02988105	0.10959780	0.10615320	0.64562161
720	0.10985839	0.03883244	0.12364525	0.10181559	0.62584834
740	0.11027118	0.03142604	0.11568081	0.11259784	0.63002413
760	0.10595769	0.02882469	0.11755695	0.10907229	0.63858838
780	0.10658048	0.02632094	0.11989634	0.10669146	0.64051077
800	0.11200419	0.03260988	0.12176695	0.09392806	0.63969093
820	0.10397943	0.02916547	0.12211182	0.10332102	0.64142225
840	0.10656621	0.02249345	0.12342420	0.10391921	0.64359693
860	0.10525169	0.03441646	0.12405844	0.09695063	0.63932278
880	0.10727932	0.03643037	0.11592409	0.10688921	0.63347700
900	0.10743829	0.03014739	0.11450103	0.09333514	0.65457815
920	0.09022507	0.04123970	0.11997326	0.11696961	0.63159237
940	0.11560418	0.03716648	0.12678324	0.11740052	0.60304557
960	0.10683714	0.02943134	0.11644644	0.09449887	0.65278622
980	0.11456980	0.02985096	0.12753873	0.10990357	0.61813695
1000	0.10574446	0.03342126	0.12603248	0.10681776	0.62798404
1020	0.10388273	0.02645730	0.11469797	0.10935347	0.64560854
1040	0.10141395	0.03386449	0.12560685	0.10515311	0.63396160
1060	0.09767886	0.02988467	0.12741715	0.09952196	0.64549736
1080	0.10588500	0.02847461	0.11881470	0.08588866	0.66093704
1100	0.11460523	0.03136353	0.11799509	0.10570116	0.63033499
1120	0.11436942	0.03452923	0.10960027	0.09609630	0.64540479
1140	0.10534380	0.03378686	0.12075367	0.10455098	0.63556468
1160	0.10110355	0.03310648	0.12318844	0.12042607	0.62217547
1180	0.11277073	0.03240438	0.12037116	0.10699071	0.62746302
1200	0.10081491	0.03059510	0.12210808	0.09894465	0.64753726
1220	0.10380692	0.03453091	0.12736992	0.09863943	0.63565283
1240	0.10973697	0.03550927	0.11491305	0.09745351	0.64238719
1260	0.10507612	0.03422395	0.11687168	0.11650538	0.62732287
1280	0.10740967	0.03435498	0.11904173	0.10618445	0.63300916
1300	0.12377455	0.03753537	0.11387619	0.11010997	0.61470391
1320	0.11090839	0.03176504	0.12512445	0.11223641	0.61996571
1340	0.10626621	0.02868502	0.12541507	0.10668520	0.63294849
1360	0.12515260	0.02693972	0.11974593	0.09965445	0.62850730
1380	0.10205747	0.03185221	0.11993505	0.12826265	0.61789262
1400	0.11097528	0.02825166	0.11559867	0.10467762	0.64049678
1420	0.11765266	0.03581760	0.11324002	0.10008830	0.63320141
1440	0.11935766	0.02758780	0.11259019	0.11785769	0.62260666
1460	0.11384611	0.03030331	0.11693352	0.10228005	0.63663701
1480	0.09587089	0.03272868	0.11601571	0.10610884	0.64927588
1500	0.11933078	0.03096466	0.10899454	0.11552600	0.62518402
1520	0.11002495	0.03540306	0.11247336	0.12101527	0.62108335
1540	0.10847797	0.02545605	0.12384285	0.10142745	0.64079568
1560	0.11489833	0.03401194	0.10660398	0.10802269	0.63646307
1580	0.10330858	0.03760076	0.11302398	0.12239851	0.62366817
1600	0.10765001	0.03245571	0.11431447	0.10845493	0.63712487
1620	0.11162566	0.03648434	0.12244814	0.09367399	0.63576787
1640	0.10833710	0.02877561	0.12264667	0.10626468	0.63397594
1660	0.10212600	0.03146838	0.11129587	0.10783758	0.64727217
1680	0.12478549	0.03682508	0.11618970	0.09998746	0.62221227
1700	0.11289434	0.03082901	0.11616583	0.11524818	0.62486264
1720	0.12074869	0.03861995	0.11595048	0.10038014	0.62430074
1740	0.10345953	0.03622782	0.12605350	0.09455427	0.63970487
1760	0.11434004	0.02935313	0.12024890	0.11825557	0.61780236
1780	0.10885015	0.03036297	0.12484358	0.09305581	0.64288748
1800	0.11648409	0.03120419	0.12300766	0.10698253	0.62232154
1820	0.10655067	0.03535536	0.11053748	0.09323656	0.65431993
1840	0.10829260	0.02562946	0.12599705	0.11690276	0.62317813
1860	0.13481518	0.03437093	0.10988082	0.09589737	0.62503571
1880	0.11393150	0.03126992	0.12852795	0.11274734	0.61352329
1900	0.13385308	0.03346067	0.12094888	0.10311652	0.60862085
1920	0.10591521	0.03226003	0.12405891	0.10137599	0.63638986
1940	0.11904888	0.03049467	0.12997953	0.09691324	0.62356368
1960	0.11135173	0.04037122	0.11092872	0.10261941	0.63472893
1980	0.09882062	0.03235851	0.11687668	0.11258681	0.63935739
2000	0.13308246	0.03258487	0.12440212	0.11145968	0.59847087
2020	0.10128619	0.03632807	0.12844276	0.09717487	0.63676812
2040	0.10531882	0.03456535	0.11984745	0.09709588	0.64317251
2060	0.09783968	0.02995585	0.13493616	0.09871704	0.63855127
2080	0.10447329	0.03341790	0.12037504	0.10542261	0.63631116
2100	0.10584644	0.03495199	0.12915301	0.10316877	0.62687979
2120	0.11431505	0.02528928	0.11151596	0.09279432	0.65608539
2140	0.11284938	0.03057319	0.11189723	0.11509358	0.62958662
2160	0.10180359	0.03017711	0.11583152	0.11071888	0.64146890
2180	0.11240883	0.03391854	0.12264684	0.09516684	0.63585894
2200	0.11237460	0.03615154	0.11582727	0.09722766	0.63841894
2220	0.11968782	0.03073923	0.11702992	0.10206573	0.63047730
2240	0.10589912	0.03035672	0.11819810	0.10453347	0.64101259
2260	0.11443634	0.03559036	0.11002673	0.10171964	0.63822693
2280	0.11393615	0.02860587	0.11567623	0.10090130	0.64088046
2300	0.10551857	0.03284367	0.11049609	0.12166633	0.62947534
2320	0.11429928	0.02686069	0.11715094	0.11890994	0.62277916
2340	0.11404050	0.03260542	0.10970714	0.10288888	0.64075806
2360	0.11446921	0.03610683	0.11869746	0.09837358	0.63235292
2380	0.11736953	0.03378064	0.11350561	0.11707840	0.61826582
2400	0.10888522	0.03038680	0.11778740	0.11494371	0.62799686
2420	0.11657394	0.03443359	0.11699484	0.09094751	0.64105011
2440	0.12233803	0.03227176	0.11423639	0.08490441	0.64624942
2460	0.10488284	0.03273499	0.12821123	0.11324617	0.62092477
2480	0.11209751	0.02377726	0.11606991	0.11267130	0.63538401
2500	0.11088279	0.02776729	0.10475469	0.11477417	0.64182106
2520	0.10897212	0.02825107	0.11528138	0.10408938	0.64340604
2540	0.11004403	0.02928353	0.12038543	0.10401477	0.63627224
2560	0.10264051	0.03204391	0.12666157	0.09073039	0.64792363
2580	0.12284331	0.03313682	0.12570350	0.10925215	0.60906422
2600	0.10952217	0.03770796	0.11008956	0.10148196	0.64119835
2620	0.10422519	0.02969253	0.12601466	0.09942499	0.64064263
2640	0.12151241	0.02912020	0.12675657	0.09289049	0.62972033
2660	0.10651795	0.03133782	0.11397585	0.11024436	0.63792402
2680	0.10151560	0.02603716	0.12693232	0.10444850	0.64106643
2700	0.09963210	0.03359581	0.10813600	0.11234645	0.64628964
2720	0.11900228	0.03072761	0.12931495	0.08986830	0.63108687
2740	0.10251808	0.03765369	0.12050612	0.09424337	0.64507874
2760	0.11476546	0.03403273	0.11932512	0.09514141	0.63673528
2780	0.09634757	0.02918494	0.10840000	0.10132733	0.66474016
2800	0.11267145	0.03674668	0.12133577	0.10862292	0.62062318
2820	0.10875313	0.03680243	0.12481502	0.10451012	0.62511930
2840	0.12029994	0.02602882	0.11643980	0.10867691	0.62855453
2860	0.10070523	0.03567199	0.12815112	0.09849517	0.63697650
2880	0.10622326	0.03121657	0.12174723	0.10928929	0.63152365
2900	0.12010273	0.03177778	0.10968998	0.10369701	0.63473251
2920	0.11464069	0.04046037	0.12687796	0.09947781	0.61854317
2940	0.10148559	0.03585246	0.12462322	0.10866855	0.62937019
2960	0.10325668	0.02835845	0.12466857	0.09551449	0.64820182
2980	0.10962007	0.03498516	0.11976943	0.09913025	0.63649509
3000	0.10490408	0.03318772	0.10995103	0.09994356	0.65201361
3020	0.12157688	0.03561028	0.12437046	0.10511323	0.61332916
3040	0.11908029	0.03381861	0.11432632	0.10848549	0.62428928
3060	0.11612988	0.03111755	0.12621255	0.11127462	0.61526540
3080	0.11386663	0.03725175	0.12128908	0.11031153	0.61728101
3100	0.09981270	0.02969251	0.11707628	0.10221233	0.65120618
3120	0.10289249	0.03732578	0.12222488	0.08894763	0.64860921
3140	0.10973432	0.02935540	0.12536729	0.11032453	0.62521847
3160	0.10291869	0.03324147	0.11112525	0.11346784	0.63924674
3180	0.10140395	0.03698035	0.12567355	0.10890253	0.62703962
3200	0.11063339	0.03355112	0.13222231	0.09073710	0.63285608
3220	0.10418860	0.03058807	0.11888535	0.11260311	0.63373486
3240	0.11294034	0.02817351	0.13083505	0.10383247	0.62421863
3260	0.11440954	0.03202291	0.11995162	0.10615066	0.62746528
3280	0.10596798	0.02881504	0.12187184	0.10022187	0.64312327
3300	0.10840908	0.03765096	0.10968711	0.11837152	0.62588133
3320	0.10889269	0.03089150	0.10743843	0.10326091	0.64951648
3340	0.10768137	0.02680656	0.11534338	0.10295756	0.64721113
3360	0.10870126	0.03830411	0.12078434	0.09853741	0.63367288
3380	0.11266339	0.02912081	0.11771068	0.10750593	0.63299919
3400	0.11478131	0.02839713	0.11061345	0.10532559	0.64088253
3420	0.11635381	0.02675423	0.11569990	0.10829302	0.63289903
3440	0.10701602	0.03997721	0.12104291	0.10562411	0.62633976
3460	0.10369754	0.03666953	0.10826028	0.10712576	0.64424690
3480	0.11589956	0.03572285	0.13391692	0.10368832	0.61077235
3500	0.12421500	0.03905053	0.11909270	0.09344319	0.62419858
3520	0.10762982	0.03432108	0.11677871	0.10248345	0.63878694
3540	0.10621353	0.03665584	0.11900410	0.10112223	0.63700430
3560	0.12407773	0.02994228	0.11254075	0.09118089	0.64225835
3580	0.12037783	0.03508026	0.11767411	0.11342841	0.61343939
3600	0.10753941	0.03199979	0.12691701	0.10496281	0.62858098
3620	0.10145757	0.03171396	0.12223156	0.09367724	0.65091966
3640	0.11804988	0.03014260	0.12317498	0.10385398	0.62477855
3660	0.11625466	0.02988744	0.12373343	0.08359968	0.64652479
3680	0.12153858	0.03702962	0.11280146	0.09489992	0.63373042
3700	0.11144715	0.03752747	0.11978046	0.10526572	0.62597920
3720	0.11557892	0.03419945	0.11873970	0.09892103	0.63256090
3740	0.11649994	0.03757849	0.10067154	0.11295498	0.63229505
3760	0.11393024	0.03032908	0.12200358	0.11102562	0.62271149
3780	0.11568213	0.03211550	0.12070738	0.11229561	0.61919938
3800	0.12323826	0.03002765	0.11882374	0.10300088	0.62490947
3820	0.10878477	0.02997980	0.12094668	0.09599942	0.64428934
3840	0.10974853	0.03313232	0.12312911	0.12086233	0.61312771
3860	0.10539957	0.03161399	0.12767518	0.09584401	0.63946724
3880	0.10629030	0.03143398	0.11993100	0.10364587	0.63869884
3900	0.11073897	0.02961505	0.12301342	0.10586543	0.63076713
3920	0.11589316	0.02958603	0.12233770	0.11306981	0.61911329
3940	0.09431529	0.03536790	0.12034413	0.10468521	0.64528746
3960	0.11571648	0.02649584	0.10615446	0.10746486	0.64416836
3980	0.09965842	0.03212525	0.12518118	0.10903150	0.63400366
4000	0.10616222	0.03386792	0.11747474	0.10169341	0.64080171
4020	0.10240079	0.02670631	0.11558834	0.11310391	0.64220065
4040	0.10666485	0.02871177	0.11550534	0.12057862	0.62853941
4060	0.12639431	0.02645290	0.12800760	0.11215501	0.60699017
4080	0.10437176	0.03358568	0.12825435	0.09678319	0.63700502
4100	0.10766623	0.03937721	0.11064301	0.10500849	0.63730506
4120	0.13522971	0.03071110	0.11681116	0.10754364	0.60970439
4140	0.10541625	0.03905064	0.12090977	0.10537540	0.62924793
4160	0.11136762	0.03727281	0.11895561	0.09693785	0.63546612
4180	0.11636898	0.03070007	0.11531913	0.10366299	0.63394883
4200	0.10458966	0.03245443	0.13464787	0.09829959	0.63000845
4220	0.10915242	0.02749780	0.11801475	0.10303499	0.64230003
4240	0.11128266	0.03344389	0.10897642	0.09942751	0.64686953
4260	0.11516808	0.02470578	0.12347500	0.10084987	0.63580127
4280	0.12044645	0.03019229	0.10941600	0.10388361	0.63606165
4300	0.11291514	0.03648186	0.12011856	0.10343528	0.62704916
4320	0.11336006	0.02940900	0.13040372	0.10153727	0.62528995
4340	0.11930568	0.03678747	0.12471422	0.09433195	0.62486068
4360	0.11188076	0.02851133	0.12318310	0.11432905	0.62209576
4380	0.10364450	0.03261436	0.12074987	0.10024346	0.64274781
4400	0.11928553	0.03337085	0.11524240	0.10355272	0.62854850
4420	0.10584891	0.03251461	0.11861776	0.11472016	0.62829855
4440	0.11770572	0.03447089	0.11569219	0.11387636	0.61825484
4460	0.10936255	0.04035863	0.10594805	0.09781250	0.64651827
4480	0.10717139	0.03728770	0.11785544	0.11251203	0.62517345
4500	0.11573808	0.04209555	0.11226489	0.09910859	0.63079289
4520	0.10533256	0.03582641	0.12110735	0.09602941	0.64170428
4540	0.11541340	0.03029197	0.11341074	0.10922068	0.63166321
4560	0.11404838	0.03342422	0.12321746	0.09994540	0.62936454
4580	0.11158349	0.03370103	0.12330199	0.08812189	0.64329161
4600	0.09272413	0.02876298	0.11989945	0.10051209	0.65810135
4620	0.11721509	0.03302641	0.12676402	0.10004144	0.62295304
4640	0.11821072	0.03379135	0.11231806	0.09142465	0.64425523
4660	0.10213181	0.03298056	0.10971444	0.09714025	0.65803294
4680	0.11087636	0.02538467	0.13785988	0.10252477	0.62335433
4700	0.10928835	0.03706141	0.11637923	0.11085887	0.62641213
4720	0.11280790	0.03854465	0.12579079	0.10046524	0.62239142
4740	0.09204834	0.03572904	0.11508404	0.12006513	0.63707345
4760	0.10235421	0.03479613	0.11020718	0.10695908	0.64568340
4780	0.11117345	0.03129395	0.12277451	0.11460761	0.62015049
4800	0.10076563	0.03309818	0.12166556	0.09462919	0.64984144
4820	0.10334531	0.03241592	0.12247092	0.09047696	0.65129090
4840	0.11939768	0.04467421	0.11194530	0.10290224	0.62108057
4860	0.12560212	0.03383490	0.12838002	0.10246777	0.60971520
4880	0.10134830	0.03098954	0.12188280	0.08944815	0.65633120
4900	0.12122323	0.03270009	0.11723686	0.10563191	0.62320792
4920	0.10813878	0.02914263	0.11745682	0.11152126	0.63374051
4940	0.12554826	0.03288298	0.11507510	0.09874354	0.62775012
4960	0.11139342	0.03171272	0.12565612	0.09989505	0.63134269
4980	0.10628989	0.03566698	0.12019309	0.11211670	0.62573335
5000	0.09897162	0.03167737	0.12777270	0.11424873	0.62732959
5020	0.11357200	0.02937401	0.11716184	0.10577434	0.63411782
5040	0.11161341	0.02713159	0.13794045	0.10395615	0.61935840
5060	0.10350212	0.03264128	0.11679981	0.09241846	0.65463833
5080	0.10149022	0.02545354	0.11734338	0.12589998	0.62981288
5100	0.10705287	0.03846009	0.11065637	0.10290324	0.64092742
5120	0.12031100	0.03491124	0.10997405	0.10700587	0.62779784
5140	0.12831457	0.02954912	0.11093254	0.10132365	0.62988013
5160	0.12132751	0.03242231	0.11624696	0.09557323	0.63442999
5180	0.10616655	0.03444707	0.12450196	0.10699789	0.62788654
5200	0.11395219	0.03159871	0.12950475	0.10012405	0.62482030
5220	0.10379650	0.03399896	0.11917946	0.10088339	0.64214169
5240	0.11357476	0.03224346	0.11661184	0.10044101	0.63712893
5260	0.09888437	0.03347411	0.12445420	0.10703009	0.63615724
5280	0.11219474	0.03009520	0.12668815	0.09518055	0.63584137
5300	0.10242368	0.03012396	0.12254691	0.09646026	0.64844519
5320	0.10423574	0.03251642	0.11529003	0.09279416	0.65516366
5340	0.11350525	0.03958620	0.12761857	0.10368981	0.61560017
5360	0.10320470	0.03034468	0.11422486	0.10988732	0.64233844
5380	0.11295658	0.03457058	0.10963243	0.10546556	0.63737485
5400	0.11064025	0.03387653	0.11778726	0.10539793	0.63229804
5420	0.12712990	0.03279587	0.10325949	0.11235195	0.62446279
5440	0.10927414	0.03129362	0.11926159	0.10943750	0.63073315
5460	0.10935336	0.03517204	0.12864949	0.10639667	0.62042843
5480	0.10120792	0.03148319	0.11648054	0.09761313	0.65321522
5500	0.11157675	0.03080476	0.12525634	0.10917483	0.62318731
5520	0.10152810	0.03063281	0.11862753	0.09776787	0.65144369
5540	0.10296124	0.03381781	0.11693085	0.10267838	0.64361172
5560	0.11577429	0.03204418	0.10993081	0.10290341	0.63934731
5580	0.10907432	0.03209921	0.11155078	0.10690480	0.64037089
5600	0.11025894	0.04197713	0.12353866	0.09970114	0.62452413
5620	0.10040723	0.03036953	0.11471496	0.09483867	0.65966960
5640	0.11613963	0.03628885	0.11836181	0.10236468	0.62684504
5660	0.12822542	0.03351166	0.12350539	0.09695760	0.61779994
5680	0.11327968	0.02854446	0.11907857	0.10310438	0.63599291
5700	0.11092681	0.03197590	0.11956524	0.09836603	0.63916602
5720	0.10837486	0.03215481	0.11740218	0.11055921	0.63150895
5740	0.11326761	0.03762841	0.11718958	0.09294213	0.63897228
5760	0.10257032	0.04488959	0.11051491	0.10856614	0.63345905
5780	0.11884253	0.03422930	0.12072237	0.10058041	0.62562538
5800	0.11206401	0.03694568	0.12889284	0.11570419	0.60639329
5820	0.11436275	0.03336204	0.10988968	0.11118606	0.63119946
5840	0.09914107	0.03791240	0.11526268	0.11222578	0.63545807
5860	0.11423036	0.03115362	0.10776943	0.11130178	0.63554481
5880	0.11400853	0.02995603	0.12507825	0.10273200	0.62822519
5900	0.10858362	0.02759894	0.12079057	0.11706806	0.62595881
5920	0.09982821	0.02933219	0.13142636	0.12118295	0.61823030
5940	0.11249277	0.03026470	0.12233984	0.11274317	0.62215952
5960	0.12319482	0.03865104	0.12398874	0.10806968	0.60609572
5980	0.11891437	0.03146151	0.11828705	0.10755615	0.62378092
6000	0.10513290	0.03735790	0.12157984	0.10655912	0.62937023
6020	0.11129405	0.04056751	0.10829556	0.10643604	0.63340685
6040	0.10780527	0.03366736	0.12202381	0.10435626	0.63214729
6060	0.10385488	0.03370565	0.12428027	0.10281795	0.63534124
6080	0.11393818	0.02950588	0.12244913	0.09838294	0.63572387
6100	0.10451138	0.03043282	0.11217782	0.10791317	0.64496481
6120	0.11270288	0.02844360	0.11911475	0.09988359	0.63985518
6140	0.11227461	0.03359634	0.11309715	0.10010107	0.64093082
6160	0.11259045	0.03628812	0.11011137	0.11159899	0.62941107
6180	0.10283503	0.03362437	0.12469782	0.09449745	0.64434533
6200	0.10577583	0.02829090	0.12479333	0.10800296	0.63313699
6220	0.11489113	0.02899575	0.11051816	0.10123937	0.64435560
6240	0.11594521	0.03328123	0.12814515	0.10140579	0.62122261
6260	0.10263267	0.03011160	0.11572868	0.10371968	0.64780737
6280	0.10018568	0.03597369	0.11439806	0.10574780	0.64369477
6300	0.09863682	0.03380053	0.13108315	0.11912296	0.61735654
6320	0.10572081	0.03035718	0.11552469	0.10745762	0.64093970
6340	0.11362216	0.02832187	0.12571734	0.10028683	0.63205179
6360	0.11169596	0.02760199	0.12750887	0.10277018	0.63042300
6380	0.11354639	0.02855080	0.11269243	0.10177561	0.64343478
6400	0.11084823	0.03433703	0.11343557	0.10213984	0.63923934
6420	0.11019822	0.02782776	0.10907338	0.12266507	0.63023556
6440	0.09828348	0.03369524	0.11474697	0.11303938	0.64023494
6460	0.11274735	0.03507673	0.12125820	0.10567068	0.62524704
6480	0.10530225	0.03159127	0.11260149	0.10644927	0.64405571
6500	0.11982723	0.03268226	0.11760766	0.11630534	0.61357751
6520	0.10980445	0.03840347	0.11413483	0.10791974	0.62973752
6540	0.10986509	0.03268088	0.10685060	0.11008067	0.64052276
6560	0.09773228	0.03204708	0.11357236	0.12242075	0.63422754
6580	0.10855407	0.03477883	0.11253764	0.10416048	0.63996898
6600	0.11360207	0.03480285	0.12677345	0.10976510	0.61505652
6620	0.10801937	0.03183487	0.13327342	0.10281198	0.62406036
6640	0.11386220	0.02833277	0.12667863	0.08976270	0.64136370
6660	0.10637928	0.03559444	0.11606413	0.09694254	0.64501962
6680	0.11278575	0.03132450	0.12039800	0.10316853	0.63232322
6700	0.11574552	0.02956672	0.11058588	0.10923078	0.63487111
6720	0.11295375	0.02956638	0.11127555	0.10456082	0.64164351
6740	0.11194979	0.03122539	0.11887216	0.10869956	0.62925310
6760	0.11673630	0.03161632	0.12114536	0.09924373	0.63125829
6780	0.10429952	0.03732385	0.11930266	0.10745871	0.63161527
6800	0.11704792	0.02935070	0.11489570	0.09939257	0.63931311
6820	0.10159142	0.03621171	0.11943265	0.10928926	0.63347496
6840	0.11848234	0.03226615	0.11439338	0.10069395	0.63416419
6860	0.11431314	0.02613567	0.12576064	0.10712058	0.62666997
6880	0.10595511	0.03097198	0.11346826	0.12169015	0.62791450
6900	0.10973451	0.03609040	0.10986000	0.11575558	0.62855950
6920	0.12714245	0.03607156	0.11549108	0.11486920	0.60642571
6940	0.10704219	0.03560027	0.11095847	0.09666427	0.64973480
6960	0.12045930	0.03751642	0.12172161	0.09860462	0.62169806
6980	0.11106654	0.02750200	0.12307420	0.10720555	0.63115172
7000	0.10512590	0.03039331	0.11464789	0.10593963	0.64389327
7020	0.10905593	0.03614041	0.11892381	0.10235340	0.63352645
7040	0.11594516	0.03329475	0.11482942	0.10032688	0.63560379
7060	0.12396733	0.03017915	0.11517580	0.11584528	0.61483245
7080	0.11239659	0.03709074	0.11632628	0.10213373	0.63205267
7100	0.09685509	0.02922767	0.12279759	0.10844568	0.64267397
7120	0.11998001	0.03591315	0.11780990	0.10193392	0.62436302
7140	0.12171526	0.03770876	0.11556937	0.10862718	0.61637942
7160	0.11951803	0.02840888	0.11202592	0.10636549	0.63368168
7180	0.11770998	0.03501813	0.10381530	0.10692095	0.63653564
7200	0.10430816	0.03972389	0.11443419	0.10407459	0.63745917
7220	0.09877487	0.03184644	0.10507233	0.10215710	0.66214926
7240	0.11644143	0.03405067	0.11376243	0.10717936	0.62856611
7260	0.10688757	0.03057864	0.12149016	0.10274872	0.63829492
7280	0.10996898	0.03941800	0.12292296	0.11111583	0.61657423
7300	0.10463439	0.02939974	0.12008073	0.09656249	0.64932265
7320	0.11256294	0.02773514	0.12425939	0.10769859	0.62774394
7340	0.10680727	0.03085640	0.12429534	0.10995814	0.62808285
7360	0.11270198	0.03076607	0.11996770	0.09823732	0.63832692
7380	0.09784095	0.03405482	0.12039041	0.10372667	0.64398714
7400	0.10906451	0.03487465	0.11419979	0.11371417	0.62814687
7420	0.10366442	0.02787959	0.12237353	0.12142602	0.62465644
7440	0.10946706	0.03399741	0.12499423	0.09279708	0.63874422
7460	0.11510232	0.03282311	0.11597294	0.10402592	0.63207572
7480	0.12298052	0.03204446	0.11402806	0.10965407	0.62129289
7500	0.11388893	0.03698771	0.11438234	0.09783147	0.63690954
7520	0.10526770	0.02576545	0.11734891	0.10096655	0.65065140
7540	0.09819396	0.03785648	0.11619361	0.11923643	0.62851952
7560	0.10980401	0.03294134	0.11231317	0.10323632	0.64170517
7580	0.11322040	0.03690898	0.12735505	0.11935906	0.60315651
7600	0.10744795	0.03256384	0.11766525	0.11310543	0.62921753
7620	0.10769224	0.03817365	0.13332849	0.10534759	0.61545803
7640	0.10573126	0.03666591	0.11680390	0.10961567	0.63118326
7660	0.10030254	0.03066922	0.11577094	0.10402300	0.64923430
7680	0.11533758	0.02940131	0.12311237	0.10381804	0.62833070
7700	0.11003289	0.02918199	0.12272040	0.09455127	0.64351346
7720	0.11550498	0.02476647	0.12816228	0.11574049	0.61582577
7740	0.10070868	0.03510345	0.12135951	0.11142708	0.63140128
7760	0.11018463	0.03681315	0.11200315	0.11625494	0.62474412
7780	0.11122853	0.03025132	0.12198209	0.12271507	0.61382299
7800	0.11393548	0.03404658	0.11552813	0.09728933	0.63920049
7820	0.10645022	0.02354838	0.11566564	0.10543073	0.64890502
7840	0.10413497	0.03298636	0.12704091	0.11287494	0.62296282
7860	0.10645892	0.04029941	0.11784766	0.10102863	0.63436537
7880	0.10908191	0.03110281	0.12717412	0.10180164	0.63083952
7900	0.10909621	0.03929219	0.13625883	0.09431679	0.62103599
7920	0.10629636	0.03553706	0.13622414	0.09452121	0.62742123
7940	0.12350749	0.02900320	0.11070520	0.10441543	0.63236867
7960	0.11516144	0.03022778	0.12569767	0.08818579	0.64072732
7980	0.10435320	0.03399412	0.12569629	0.09712724	0.63882915
8000	0.10893793	0.03002748	0.13146249	0.10918259	0.62038950
8020	0.11692014	0.03951116	0.11557295	0.10333055	0.62466519
8040	0.11246803	0.03540774	0.11847734	0.10895363	0.62469325
8060	0.10968411	0.03475943	0.11891326	0.09976230	0.63688091
8080	0.10979285	0.03362617	0.12252130	0.09753153	0.63652815
8100	0.10583021	0.03321635	0.11422671	0.11265458	0.63407214
8120	0.11941568	0.02673480	0.11133157	0.10773616	0.63478178
8140	0.10229280	0.04086380	0.11755440	0.09599510	0.64329390
8160	0.11051918	0.02741243	0.12417903	0.11199072	0.62589865
8180	0.11315695	0.03486218	0.11705483	0.10972636	0.62519968
8200	0.11827186	0.03432048	0.12494880	0.10005322	0.62240564
8220	0.10640472	0.03281754	0.11951429	0.10914014	0.63212332
8240	0.09885068	0.03022090	0.11980695	0.10397651	0.64714496
8260	0.12568783	0.02647594	0.12508925	0.11996264	0.60278433
8280	0.10336095	0.02926178	0.12813388	0.10586824	0.63337514
8300	0.09950811	0.03071838	0.12173203	0.11835066	0.62969081
8320	0.09209658	0.03180596	0.13201606	0.09040702	0.65367438
8340	0.11116812	0.03071619	0.10373727	0.10911918	0.64525924
8360	0.10564026	0.03292811	0.12163452	0.09472906	0.64506805
8380	0.10335317	0.03195826	0.12132810	0.10441059	0.63894989
8400	0.10077317	0.02381758	0.11544538	0.10592619	0.65403768
8420	0.11588735	0.03395844	0.12147196	0.12995796	0.59872430
8440	0.11697668	0.03432848	0.11976945	0.11283113	0.61609426
8460	0.10050081	0.03754413	0.11659193	0.09566048	0.64970265
8480	0.11401965	0.03443748	0.11445665	0.09722139	0.63986483
8500	0.10894991	0.03143790	0.12218514	0.10270489	0.63472217
8520	0.11423787	0.03849292	0.11322563	0.09609034	0.63795325
8540	0.11363637	0.03132010	0.11666475	0.10026393	0.63811485
8560	0.10682008	0.03374862	0.12112211	0.11085168	0.62745751
8580	0.11288605	0.03164359	0.11665569	0.10892272	0.62989195
8600	0.09934604	0.03374939	0.11602792	0.10613825	0.64473838
8620	0.10491722	0.02905718	0.11945718	0.10049770	0.64607072
8640	0.11021108	0.03703775	0.13252663	0.10346938	0.61675516
8660	0.11737507	0.03160455	0.11202935	0.10370859	0.63528244
8680	0.11265674	0.03199021	0.12437108	0.09925904	0.63172293
8700	0.10920612	0.03783780	0.11430007	0.10101098	0.63764504
8720	0.10363838	0.03205666	0.12335217	0.10971666	0.63123613
8740	0.12316550	0.02749121	0.12653631	0.10460296	0.61820402
8760	0.11192870	0.03293826	0.11503269	0.10618246	0.63391789
8780	0.10089632	0.03684212	0.11696430	0.09869354	0.64660373
8800	0.10447010	0.02980364	0.11807166	0.11325935	0.63439525
8820	0.10861243	0.03727509	0.11908514	0.10066248	0.63436484
8840	0.11790613	0.02537497	0.12951175	0.09775722	0.62944993
8860	0.10406063	0.03072613	0.11469721	0.09489375	0.65562228
8880	0.12232386	0.02851068	0.12253076	0.09260569	0.63402900
8900	0.11587477	0.02932903	0.10196429	0.10303080	0.64980110
8920	0.09751806	0.03794947	0.11712391	0.09938070	0.64802786
8940	0.10406297	0.03169990	0.12180508	0.10895754	0.63347449
8960	0.11342238	0.03252624	0.10837212	0.11133797	0.63434128
8980	0.09812594	0.02626468	0.11777689	0.11210249	0.64573000
9000	0.11294488	0.03526095	0.12986408	0.11026462	0.61166547
9020	0.10504467	0.02740183	0.13224825	0.10470585	0.63059939
9040	0.10169806	0.03805487	0.11325553	0.10627498	0.64071656
9060	0.10335638	0.03804858	0.12041859	0.09140596	0.64677049
9080	0.10141760	0.03553945	0.13226084	0.09233262	0.63844949
9100	0.10123766	0.03266034	0.12228064	0.11364799	0.63017337
9120	0.10388703	0.03309177	0.12077219	0.11590671	0.62634229
9140	0.10507838	0.03173448	0.11961570	0.10283911	0.64073233
9160	0.10971313	0.03796766	0.11617809	0.10890404	0.62723708
9180	0.09978119	0.03742110	0.11142971	0.10469685	0.64667116
9200	0.11182729	0.03153634	0.11220848	0.10773611	0.63669178
9220	0.11999179	0.02835408	0.12221597	0.11313119	0.61630696
9240	0.09671951	0.02908417	0.12205974	0.10246024	0.64967634
9260	0.11140291	0.02647319	0.12137257	0.11285756	0.62789377
9280	0.09701269	0.03815520	0.12172104	0.09697304	0.64613803
9300	0.10698859	0.02686899	0.10802900	0.10532111	0.65279231
9320	0.10738312	0.02428954	0.11606183	0.10145171	0.65081380
9340	0.10695119	0.03013709	0.12697591	0.11191315	0.62402266
9360	0.10247496	0.03245433	0.12916688	0.09904496	0.63685888
9380	0.09784920	0.03032003	0.11083780	0.10201640	0.65897657
9400	0.10561193	0.02456651	0.11562732	0.11203351	0.64216073
9420	0.10565201	0.03139832	0.12145096	0.09878756	0.64271116
9440	0.10517586	0.04275797	0.11360454	0.09485308	0.64360854
9460	0.11041018	0.03299292	0.12671966	0.09429397	0.63558327
9480	0.12069874	0.02569788	0.11664906	0.10144152	0.63551281
9500	0.11278146	0.03173195	0.11757900	0.10006854	0.63783904
9520	0.12021793	0.03154718	0.12011751	0.09994519	0.62817219
9540	0.09748386	0.03476573	0.11842640	0.09976258	0.64956142
9560	0.10906218	0.03339972	0.12126053	0.09805362	0.63822395
9580	0.11264343	0.03565999	0.11099296	0.11065479	0.63004883
9600	0.12213066	0.02508034	0.11724772	0.09814642	0.63739486
9620	0.11591199	0.03330960	0.12611293	0.09448898	0.63017650
9640	0.10331259	0.04139570	0.11994962	0.09647103	0.63887106
9660	0.10113391	0.02595342	0.12090405	0.10490883	0.64709980
9680	0.11487619	0.03433449	0.11519288	0.10925239	0.62634405
9700	0.11148105	0.03137698	0.12161579	0.10392126	0.63160492
9720	0.10254917	0.03046705	0.12020440	0.11047113	0.63630825
9740	0.10781591	0.03327874	0.11730495	0.10384148	0.63775891
9760	0.10733631	0.02574149	0.12047000	0.10398250	0.64246969
9780	0.11119713	0.03069515	0.12862079	0.09582204	0.63366490
9800	0.11070674	0.03072349	0.11593174	0.11024057	0.63239746
9820	0.11472623	0.03284630	0.11820779	0.10247199	0.63174769
9840	0.09523847	0.02703737	0.12527762	0.10340603	0.64904051
9860	0.11724582	0.02926174	0.11583800	0.11152653	0.62612792
9880	0.10969999	0.03564870	0.11035649	0.11482512	0.62946971
9900	0.10442850	0.03077034	0.12047035	0.11311006	0.63122075
9920	0.11210958	0.02963453	0.11894923	0.09651244	0.64279422
9940	0.11081205	0.02872329	0.11946181	0.10398557	0.63701729
9960	0.09964766	0.02708426	0.13367062	0.10226299	0.63733447
9980	0.11147955	0.03568767	0.11878697	0.11009772	0.62394809
10000	0.10968545	0.03198779	0.11058733	0.11312219	0.63461724
10020	0.10141870	0.03639058	0.12765110	0.09753413	0.63700549
10040	0.11571962	0.03925333	0.11254180	0.09343445	0.63905081
10060	0.11143197	0.02484188	0.12584312	0.09819341	0.63968962
10080	0.10935925	0.03215804	0.12431117	0.12301420	0.61115734
10100	0.10364658	0.03579843	0.11401171	0.10824591	0.63829737
10120	0.10488973	0.03191895	0.12427245	0.10061318	0.63830569
10140	0.11851089	0.03374929	0.11551295	0.09257429	0.63965258
10160	0.10938160	0.03016661	0.11371541	0.10534022	0.64139617
10180	0.10805706	0.03246170	0.12582318	0.09940048	0.63425758
10200	0.11008383	0.03216602	0.11920675	0.10202430	0.63651909
10220	0.11570658	0.02786529	0.11598581	0.09635090	0.64409141
10240	0.11415570	0.03184413	0.11266040	0.12102111	0.62031867
10260	0.11200691	0.02846210	0.11860923	0.08829530	0.65262647
10280	0.11528942	0.03581394	0.11855959	0.09174743	0.63858962
10300	0.11184476	0.03221152	0.12597601	0.11079629	0.61917142
10320	0.11416770	0.02925073	0.11468750	0.08996843	0.65192564
10340	0.10771930	0.03913640	0.12325569	0.09350940	0.63637921
10360	0.10909999	0.03242423	0.12892423	0.10439229	0.62515925
10380	0.11180827	0.03531512	0.11335650	0.09655108	0.64296903
10400	0.10683626	0.03666766	0.13186068	0.10798531	0.61665009
10420	0.10498389	0.03354871	0.12372737	0.08584921	0.65189081
10440	0.11364766	0.03272271	0.11466850	0.10958343	0.62937771
10460	0.12307137	0.03108288	0.11984796	0.10245076	0.62354703
10480	0.11434269	0.03005533	0.12046192	0.11003576	0.62510430
10500	0.09998644	0.03220849	0.11109806	0.10269416	0.65401285
10520	0.10559585	0.02728977	0.13109098	0.10615949	0.62986392
10540	0.10286208	0.03912442	0.12687557	0.09624078	0.63489715
10560	0.12283469	0.03846251	0.12153231	0.10623633	0.61093415
10580	0.12320534	0.03801650	0.11615847	0.11149584	0.61112384
10600	0.11185981	0.03337204	0.11735399	0.10436960	0.63304456
10620	0.11262003	0.02664104	0.11584514	0.10926322	0.63563057
10640	0.11666453	0.03003791	0.12747220	0.09639740	0.62942796
10660	0.11610044	0.03009969	0.12823577	0.10387145	0.62169264
10680	0.11487800	0.03478635	0.11250870	0.11845618	0.61937077
10700	0.10380771	0.03714841	0.11981017	0.10448322	0.63475048
10720	0.11507772	0.03904795	0.11549087	0.09240009	0.63798336
10740	0.10104943	0.04276618	0.12286617	0.09555546	0.63776275
10760	0.11983949	0.04447834	0.12010984	0.09547809	0.62009423
10780	0.10515997	0.03390282	0.11365047	0.09684546	0.65044127
10800	0.12576076	0.02760012	0.10754818	0.11513925	0.62395169
10820	0.10295797	0.03211974	0.12432192	0.11678712	0.62381324
10840	0.10743410	0.03771127	0.12026231	0.09365513	0.64093719
10860	0.11548233	0.03275535	0.11472201	0.10682651	0.63021381
10880	0.09144152	0.03275057	0.11894562	0.10811980	0.64874250
10900	0.10674707	0.03285950	0.11769094	0.10833272	0.63436978
10920	0.11679199	0.03246077	0.12243371	0.09831056	0.63000296
10940	0.11680515	0.02922552	0.10447785	0.09976556	0.64972592
10960	0.10170195	0.03043780	0.13052679	0.10108367	0.63624978
10980	0.11398269	0.02693027	0.10339824	0.09680450	0.65888430
11000	0.11337353	0.02979719	0.11417285	0.10017588	0.64248056
11020	0.11388699	0.03208719	0.11936451	0.10162207	0.63303923
11040	0.10704670	0.03793149	0.11677085	0.09245754	0.64579343
11060	0.11063968	0.04076834	0.12011732	0.10606864	0.62240602
11080	0.10743099	0.03424509	0.11477019	0.10297411	0.64057962
11100	0.12469913	0.03801165	0.12334774	0.10029350	0.61364799
11120	0.11483532	0.03920284	0.11948115	0.10727970	0.61920098
11140	0.11968013	0.04166109	0.11305085	0.09554560	0.63006232
11160	0.09877500	0.03215886	0.12114799	0.12079262	0.62712553
11180	0.11480907	0.02950071	0.10582656	0.11378669	0.63607697
11200	0.11287700	0.02763096	0.11589347	0.09849315	0.64510541
11220	0.10912306	0.03223252	0.11627320	0.10128244	0.64108879
11240	0.10807514	0.03348375	0.11853257	0.10063181	0.63927674
11260	0.11096592	0.03028572	0.13351824	0.10225773	0.62297239
11280	0.11081744	0.03166673	0.11941236	0.10232747	0.63577600
11300	0.10961526	0.03178518	0.11063834	0.09513623	0.65282500
11320	0.11841593	0.02767557	0.11275560	0.09436032	0.64679257
11340	0.11176210	0.02753526	0.11882815	0.10407880	0.63779568
11360	0.10858962	0.03695584	0.12182411	0.11436633	0.61826410
11380	0.10709675	0.02820241	0.12514300	0.10343637	0.63612147
11400	0.12261560	0.03005500	0.13626422	0.09134656	0.61971863
11420	0.09634648	0.03444225	0.12135629	0.10808131	0.63977367
11440	0.12172376	0.03169860	0.11080148	0.10244510	0.63333106
11460	0.12389817	0.03110359	0.11798042	0.10561673	0.62140109
11480	0.11511864	0.03197667	0.11457287	0.11474573	0.62358609
11500	0.10526493	0.03437693	0.12118020	0.11269531	0.62648263
11520	0.09546152	0.03338557	0.12658224	0.09720859	0.64736208
11540	0.10653130	0.04121290	0.11658541	0.09543356	0.64023682
11560	0.11431896	0.04040124	0.10849221	0.09836443	0.63842316
11580	0.10073313	0.03379512	0.13486107	0.11464925	0.61596143
11600	0.11061871	0.03681856	0.12791297	0.10455640	0.62009336
11620	0.11268229	0.03828190	0.12643293	0.09401888	0.62858400
11640	0.09664056	0.03188816	0.12267476	0.10217981	0.64661671
11660	0.11588078	0.03118601	0.12183874	0.11053544	0.62055903
11680	0.10746208	0.02877414	0.12000529	0.10561387	0.63814462
11700	0.11452099	0.03111855	0.12318120	0.10790131	0.62327795
11720	0.09996829	0.03038005	0.10699114	0.11059157	0.65206895
11740	0.10721540	0.02786300	0.11934110	0.09924872	0.64633178
11760	0.10573704	0.03833239	0.12191910	0.11044797	0.62356350
11780	0.11996136	0.02974364	0.10434729	0.10956012	0.63638759
11800	0.10135917	0.03306258	0.10310191	0.10990022	0.65257612
11820	0.10931573	0.02927131	0.10488338	0.10700857	0.64952101
11840	0.11454625	0.03850794	0.11242745	0.09824886	0.63626950
11860	0.10743490	0.02841415	0.11378372	0.09823588	0.65213134
11880	0.10159672	0.02994626	0.11901340	0.10406175	0.64538187
11900	0.10871643	0.03090897	0.11497388	0.10924779	0.63615294
11920	0.10548200	0.03661833	0.11589409	0.09757141	0.64443416
11940	0.11079689	0.03209020	0.11388279	0.10984241	0.63338771
11960	0.11056053	0.03512918	0.11874927	0.12441064	0.61115038
11980	0.11064785	0.02900310	0.12144872	0.10327871	0.63562162
12000	0.11247830	0.03364248	0.11652677	0.09750103	0.63985141
12020	0.12068666	0.02772537	0.12294789	0.11056959	0.61807050
12040	0.11754120	0.03891674	0.11238260	0.11084386	0.62031560
12060	0.11793629	0.03681912	0.10442527	0.10721860	0.63360072
12080	0.10257997	0.02583099	0.12713667	0.12071486	0.62373751
12100	0.10794051	0.03038505	0.12421590	0.10069900	0.63675955
12120	0.10699420	0.03675215	0.11916525	0.10792886	0.62915954
12140	0.11197906	0.03257868	0.11553201	0.10556443	0.63434582
12160	0.12048900	0.03764598	0.11478713	0.10825043	0.61882746
12180	0.11208253	0.02914878	0.11293024	0.10665416	0.63918429
12200	0.10143025	0.03772060	0.11919571	0.10530055	0.63635288
12220	0.11846067	0.02842589	0.12136468	0.09614741	0.63560135
12240	0.10900676	0.02986461	0.11679879	0.10692645	0.63740339
12260	0.10397430	0.02489408	0.11865894	0.10550499	0.64696770
12280	0.11849525	0.03323681	0.12521311	0.10726165	0.61579318
12300	0.11483371	0.03269750	0.13423308	0.10430279	0.61393291
12320	0.12585130	0.03583982	0.11696707	0.11292214	0.60841967
12340	0.11324497	0.03329216	0.12228464	0.10021498	0.63096325
12360	0.11516266	0.03000150	0.12390791	0.10522793	0.62570001
12380	0.09587154	0.03086964	0.12433333	0.10237916	0.64654633
12400	0.11514629	0.03416861	0.12342864	0.10571899	0.62153747
12420	0.10140264	0.02934755	0.12312633	0.10254963	0.64357386
12440	0.10784589	0.03253082	0.11332910	0.09795962	0.64833456
12460	0.11413195	0.03744626	0.10604665	0.11385361	0.62852152
12480	0.11340800	0.04041760	0.13185535	0.09658641	0.61773263
12500	0.10135490	0.03707854	0.12143122	0.12103100	0.61910434
12520	0.10840209	0.03469202	0.12507737	0.10377935	0.62804916
12540	0.09724805	0.03273609	0.11960497	0.09876139	0.65164950
12560	0.10523429	0.02226913	0.11853117	0.09413318	0.65983224
12580	0.10546902	0.03114070	0.12278411	0.09979282	0.64081335
12600	0.10557767	0.02848064	0.12486871	0.10198993	0.63908305
12620	0.12346635	0.03236483	0.12515070	0.11958806	0.59943007
12640	0.12645609	0.03296846	0.12023434	0.10422835	0.61611276
12660	0.11857663	0.02906578	0.12858169	0.10130990	0.62246600
12680	0.10593250	0.03508771	0.10679600	0.09926849	0.65291529
12700	0.11369390	0.03881457	0.11089287	0.08879740	0.64780125
12720	0.10451231	0.02718794	0.12296104	0.09546042	0.64987829
12740	0.10768401	0.02907012	0.12074094	0.10051232	0.64199260
12760	0.11550375	0.02511757	0.11367030	0.10703107	0.63867731
12780	0.10848211	0.03282347	0.10739193	0.10812475	0.64317774
12800	0.12079766	0.03688375	0.11976241	0.10438570	0.61817048
12820	0.11149138	0.03159386	0.11141679	0.10266610	0.64283187
12840	0.10712024	0.03057657	0.12734430	0.09319243	0.64176647
12860	0.12188436	0.02979901	0.12130163	0.10695480	0.62006020
12880	0.10575094	0.02982788	0.11518118	0.09175098	0.65748903
12900	0.11919797	0.03350620	0.11677858	0.10131413	0.62920311
12920	0.11656786	0.02589737	0.12297167	0.10340269	0.63116041
12940	0.11401556	0.03182656	0.13674470	0.11903853	0.59837465
12960	0.10476827	0.03633348	0.10731483	0.10552739	0.64605603
12980	0.10408349	0.03099869	0.12341366	0.10073408	0.64077008
13000	0.11243748	0.02727824	0.12039178	0.11090022	0.62899228
13020	0.11768414	0.03098422	0.11958381	0.09778308	0.63396475
13040	0.11454276	0.03065184	0.12548674	0.11022332	0.61909534
13060	0.11723882	0.03358624	0.10911215	0.10983250	0.63023029
13080	0.11641695	0.03336391	0.11538362	0.10319231	0.63164321
13100	0.11566157	0.03194158	0.12477130	0.11028508	0.61734047
13120	0.10923367	0.02446837	0.11851215	0.11256682	0.63521898
13140	0.12214368	0.03902785	0.13054666	0.10400307	0.60427874
13160	0.11742284	0.02934094	0.11894632	0.10103358	0.63325631
13180	0.11445100	0.03417722	0.11566589	0.10842796	0.62727792
13200	0.12559174	0.02687536	0.11385565	0.10524791	0.62842934
