## trace file of reporting unit Pi values from gsi_sim.  NumBurnIn= 50000  NumSweeps= 999 ThinningInterval= 20
SweepNumber	Norton	Upper_Yukon	Middle_Yukon	Lower_Yukon	Bristol_Bay_Kusk
0	0.10572484	0.03040871	0.11873312	0.09491581	0.65021751
20	0.10917270	0.03659540	0.11531882	0.09587135	0.64304171
40	0.10788369	0.03056202	0.12494660	0.10344510	0.63316259
60	0.10895042	0.03009484	0.12825475	0.10960814	0.62309185
80	0.10623567	0.03268349	0.11282416	0.09881552	0.64944117
100	0.11184778	0.04123925	0.11879639	0.10503761	0.62307897
120	0.11298520	0.03579135	0.11239487	0.09987311	0.63895548
140	0.11344673	0.03981031	0.11624237	0.09863936	0.63186123
160	0.10622001	0.03171716	0.11710590	0.10811493	0.63684201
180	0.10748723	0.03357823	0.11449615	0.09344717	0.65099123
200	0.12607314	0.03340793	0.11658520	0.10177669	0.62215704
220	0.11224354	0.03476443	0.13658054	0.09890662	0.61750486
240	0.11091034	0.03121932	0.11460253	0.10038565	0.64288216
260	0.11406971	0.03318718	0.11541759	0.09553611	0.64178941
280	0.11608553	0.03252297	0.11547853	0.10061481	0.63529815
300	0.10250947	0.03162682	0.13453064	0.10058900	0.63074407
320	0.10513162	0.03265562	0.12961280	0.10047887	0.63212108
340	0.11501795	0.04048285	0.11025964	0.10119020	0.63304935
360	0.10856948	0.03154456	0.11879776	0.09985439	0.64123380
380	0.10155265	0.03846834	0.11679561	0.10595528	0.63722812
400	0.10546769	0.03042877	0.11350770	0.11773405	0.63286179
420	0.11066401	0.03971028	0.11340675	0.10210393	0.63411504
440	0.10637711	0.03155865	0.11468499	0.11066635	0.63671290
460	0.10867519	0.02783506	0.12061190	0.10868329	0.63419456
480	0.10735145	0.03637157	0.10985582	0.09376296	0.65265819
500	0.11508065	0.03027418	0.10539943	0.11116450	0.63808124
520	0.10639677	0.03126356	0.12502835	0.10424548	0.63306583
540	0.11558974	0.03533097	0.11256193	0.11102399	0.62549336
560	0.09915415	0.03556834	0.12197871	0.11403903	0.62925977
580	0.11234866	0.03314554	0.12776647	0.09668737	0.63005195
600	0.10285540	0.03019745	0.11155241	0.12183110	0.63356364
620	0.11330514	0.02782094	0.12544603	0.09456056	0.63886733
640	0.10645387	0.03500375	0.13127127	0.08891220	0.63835890
660	0.11399578	0.03465750	0.11678820	0.09961115	0.63494738
680	0.11041084	0.03641516	0.12190887	0.09899350	0.63227164
700	0.12070493	0.02627802	0.11831508	0.11674604	0.61795594
720	0.10600874	0.03250262	0.12023308	0.09935738	0.64189819
740	0.10610236	0.03276070	0.11719659	0.10097806	0.64296228
760	0.11915712	0.03267269	0.11702254	0.10634901	0.62479862
780	0.09847956	0.02921044	0.11924376	0.11705117	0.63601507
800	0.10589317	0.04138863	0.13055910	0.10443830	0.61772081
820	0.11427762	0.02848246	0.11806615	0.09165881	0.64751495
840	0.10955792	0.03439071	0.12740139	0.10375769	0.62489229
860	0.10873529	0.03234951	0.11631314	0.09661362	0.64598844
880	0.11440792	0.04018257	0.12213708	0.10632298	0.61694945
900	0.11705731	0.03202226	0.12590220	0.09423093	0.63078729
920	0.10263999	0.03107166	0.11130364	0.10807592	0.64690878
940	0.11812329	0.03612790	0.11603989	0.11109323	0.61861570
960	0.10659877	0.03306060	0.11659505	0.10306294	0.64068263
980	0.10440588	0.02957891	0.12607145	0.10646917	0.63347459
1000	0.11233575	0.02996613	0.11337502	0.11251279	0.63181031
1020	0.10523606	0.02955449	0.11739539	0.11148341	0.63633065
1040	0.09990118	0.02507356	0.11664342	0.10986875	0.64851309
1060	0.11077553	0.02882784	0.12280497	0.10287461	0.63471704
1080	0.11913383	0.03007267	0.12906577	0.09684052	0.62488720
1100	0.11951279	0.03530988	0.11955695	0.09767304	0.62794734
1120	0.10796270	0.03166298	0.10993936	0.10874530	0.64168966
1140	0.10644352	0.03729032	0.12154483	0.10647596	0.62824538
1160	0.09666024	0.03034806	0.11314162	0.11215372	0.64769635
1180	0.12303248	0.03002188	0.10467736	0.10147822	0.64079005
1200	0.11376181	0.03333201	0.12359106	0.10629026	0.62302485
1220	0.11166607	0.03015178	0.12078681	0.10855510	0.62884024
1240	0.11355636	0.03068744	0.12479540	0.11553701	0.61542380
1260	0.11308846	0.03226922	0.12664033	0.10277327	0.62522872
1280	0.09817054	0.03648165	0.11014385	0.09478697	0.66041699
1300	0.10646781	0.03044769	0.11482891	0.10060514	0.64765045
1320	0.10208294	0.03757850	0.10424973	0.10524903	0.65083980
1340	0.10932396	0.03172815	0.11247305	0.10048438	0.64599047
1360	0.09833698	0.02889739	0.12730996	0.09551451	0.64994116
1380	0.10496915	0.03630296	0.12154855	0.11389227	0.62328706
1400	0.10853611	0.02847814	0.12079874	0.09597208	0.64621492
1420	0.10107202	0.03147133	0.13217282	0.09888211	0.63640173
1440	0.09593459	0.02619968	0.11202967	0.11715096	0.64868510
1460	0.11252366	0.03599731	0.11641022	0.10282385	0.63224497
1480	0.11600080	0.03206577	0.11649343	0.10496973	0.63047027
1500	0.11075141	0.03716464	0.11360199	0.11655152	0.62193045
1520	0.10661073	0.03365473	0.12145566	0.10642722	0.63185166
1540	0.09918142	0.02774826	0.12681478	0.12032671	0.62592882
1560	0.10832346	0.02565014	0.11270105	0.09842778	0.65489757
1580	0.11311643	0.02935912	0.10660500	0.10688669	0.64403277
1600	0.10564944	0.02683784	0.12596906	0.10210553	0.63943812
1620	0.09747182	0.03129452	0.12084386	0.08794940	0.66244040
1640	0.10547584	0.03720020	0.11765505	0.11403719	0.62563172
1660	0.09445270	0.03105450	0.12542663	0.10017468	0.64889149
1680	0.11466192	0.02731305	0.11897656	0.10347117	0.63557731
1700	0.10920882	0.03621590	0.10916978	0.09994981	0.64545569
1720	0.10222410	0.03733656	0.12003657	0.10878260	0.63162017
1740	0.10836012	0.03098458	0.11456317	0.09769050	0.64840162
1760	0.10563702	0.02988887	0.11332916	0.10654543	0.64459952
1780	0.11888225	0.03014066	0.12019507	0.09879284	0.63198917
1800	0.09994128	0.03983513	0.12367251	0.09855566	0.63799542
1820	0.12086226	0.02982419	0.11741300	0.09887943	0.63302112
1840	0.10932586	0.02900928	0.12927609	0.09595039	0.63643838
1860	0.12231008	0.03098736	0.12723569	0.11051685	0.60895002
1880	0.11286791	0.03425752	0.12983767	0.10535564	0.61768127
1900	0.11316947	0.03807931	0.10799210	0.10046115	0.64029797
1920	0.11018800	0.02881238	0.12051248	0.11145038	0.62903677
1940	0.11029073	0.02864585	0.11828317	0.10850833	0.63427192
1960	0.11119016	0.03353228	0.12358158	0.10870638	0.62298961
1980	0.10615638	0.02675287	0.12762266	0.11423401	0.62523409
2000	0.11443292	0.03178227	0.12130168	0.10403799	0.62844514
2020	0.11112659	0.03033832	0.10332016	0.10733099	0.64788394
2040	0.11564084	0.03463572	0.11089091	0.10214839	0.63668415
2060	0.10744670	0.03486888	0.11435569	0.10341213	0.63991660
2080	0.11129332	0.03399270	0.12636357	0.10172964	0.62662077
2100	0.10658537	0.03755324	0.10837925	0.11512038	0.63236176
2120	0.10788118	0.03507725	0.12080800	0.10651724	0.62971634
2140	0.12317802	0.03071808	0.10175542	0.11441870	0.62992978
2160	0.12308681	0.03380288	0.12142817	0.09928473	0.62239740
2180	0.10735070	0.03123312	0.11682619	0.10664136	0.63794863
2200	0.11449842	0.03526964	0.12601936	0.10448448	0.61972810
2220	0.12122212	0.04663530	0.12252335	0.09591374	0.61370548
2240	0.11550398	0.03145796	0.12950739	0.10430747	0.61922320
2260	0.10611442	0.03565371	0.12888686	0.12288462	0.60646039
2280	0.09861417	0.03024934	0.13278437	0.10059573	0.63775639
2300	0.10733061	0.03755875	0.12745713	0.10332205	0.62433146
2320	0.11029785	0.02977849	0.12459153	0.10266613	0.63266600
2340	0.11071860	0.02891489	0.11501278	0.11024830	0.63510542
2360	0.11452460	0.03100937	0.11912595	0.11573130	0.61960878
2380	0.10973662	0.03335952	0.11046949	0.10215729	0.64427707
2400	0.10799962	0.03425820	0.12456196	0.11636760	0.61681262
2420	0.11024077	0.03231583	0.11385493	0.11228472	0.63130376
2440	0.10351529	0.03389583	0.12274198	0.11039578	0.62945113
2460	0.11004846	0.03122625	0.11384462	0.10889424	0.63598643
2480	0.11100348	0.03136884	0.11001494	0.10320850	0.64440424
2500	0.10353213	0.02550742	0.12649547	0.10225826	0.64220672
2520	0.10960323	0.03309900	0.11335448	0.10583348	0.63810981
2540	0.10666668	0.03702951	0.11751313	0.09952520	0.63926548
2560	0.10956740	0.03433857	0.12023905	0.10774428	0.62811069
2580	0.12075351	0.03687770	0.12267289	0.10279095	0.61690496
2600	0.10534374	0.03075696	0.11917734	0.11011557	0.63460639
2620	0.11912022	0.02958471	0.11597292	0.10797148	0.62735068
2640	0.11031311	0.03345705	0.11896827	0.10157168	0.63568988
2660	0.11755503	0.03376025	0.11743776	0.10233964	0.62890732
2680	0.11977981	0.02927192	0.10665300	0.11905905	0.62523622
2700	0.11093897	0.03179418	0.11710412	0.09754856	0.64261418
2720	0.10087614	0.04059094	0.11141005	0.11434852	0.63277434
2740	0.10592763	0.03110410	0.12770394	0.10342948	0.63183485
2760	0.10947974	0.03549664	0.11290399	0.10749375	0.63462588
2780	0.10661090	0.03845355	0.11880183	0.10275442	0.63337930
2800	0.09954548	0.03511520	0.11004777	0.09974677	0.65554478
2820	0.10517128	0.03590818	0.12243700	0.09385324	0.64263029
2840	0.11811846	0.03025188	0.11599543	0.11824452	0.61738972
2860	0.11633897	0.02988608	0.13359781	0.09547605	0.62470108
2880	0.11692114	0.03587524	0.11904019	0.10959358	0.61856986
2900	0.11165024	0.03183692	0.11936615	0.09667521	0.64047148
2920	0.10341312	0.03090403	0.11703993	0.10578155	0.64286136
2940	0.10398827	0.03387423	0.12599957	0.09658127	0.63955667
2960	0.12506929	0.03098518	0.11819293	0.10421679	0.62153582
2980	0.09595192	0.03296975	0.12817012	0.09146876	0.65143946
3000	0.11700195	0.02626654	0.11795152	0.10642696	0.63235303
3020	0.11633121	0.03833609	0.12033000	0.09920092	0.62580177
3040	0.10866273	0.02886869	0.12387985	0.11951477	0.61907395
3060	0.11309731	0.03294426	0.11804404	0.09078200	0.64513240
3080	0.11033071	0.02998444	0.12013147	0.11820006	0.62135331
3100	0.11590807	0.03004077	0.11970744	0.09662790	0.63771583
3120	0.11319379	0.03499012	0.12624026	0.08474108	0.64083476
3140	0.11820523	0.02966876	0.10490405	0.10505917	0.64216279
3160	0.11093068	0.03851623	0.11389101	0.09943691	0.63722516
3180	0.12440980	0.03181605	0.11138207	0.09653201	0.63586006
3200	0.09741192	0.03564869	0.12412104	0.10889248	0.63392587
3220	0.10409678	0.02759259	0.12076175	0.10291198	0.64463690
3240	0.11832341	0.03595972	0.10935476	0.10261381	0.63374830
3260	0.10749847	0.03049193	0.11974389	0.09868537	0.64358033
3280	0.11116126	0.02939744	0.12493445	0.10137691	0.63312995
3300	0.11063592	0.03467498	0.12571962	0.10541106	0.62355842
3320	0.10058666	0.03869662	0.11667084	0.09905691	0.64498898
3340	0.11139019	0.03373334	0.12866956	0.10093894	0.62526797
3360	0.10299935	0.02574097	0.12673632	0.11954508	0.62497827
3380	0.11780864	0.02897778	0.11959607	0.10260630	0.63101121
3400	0.10708407	0.02980770	0.11226378	0.10621696	0.64462749
3420	0.12253291	0.04186850	0.13307868	0.09787335	0.60464657
3440	0.11474333	0.03551694	0.12211451	0.10341918	0.62420605
3460	0.10623263	0.02204073	0.10924660	0.09770145	0.66477860
3480	0.10472988	0.03363098	0.11483501	0.11385996	0.63294417
3500	0.10002580	0.03634473	0.12032588	0.10001694	0.64328665
3520	0.10994097	0.03120434	0.12411425	0.12417710	0.61056334
3540	0.10302691	0.02933850	0.12076674	0.11806215	0.62880570
3560	0.10864648	0.03097951	0.12030586	0.10952687	0.63054127
3580	0.11469482	0.03049739	0.11780411	0.08644407	0.65055961
3600	0.11628614	0.02720136	0.12474565	0.11155619	0.62021066
3620	0.10806331	0.02742329	0.12095294	0.09684481	0.64671564
3640	0.11785760	0.02694170	0.12072122	0.09999810	0.63448138
3660	0.12102586	0.03572829	0.12760223	0.10160073	0.61404289
3680	0.11475027	0.02424443	0.12007627	0.11516931	0.62575973
3700	0.12049697	0.02655841	0.11361971	0.09633253	0.64299237
3720	0.10121956	0.03886213	0.11468951	0.10876378	0.63646503
3740	0.10794573	0.02681972	0.11888531	0.10814337	0.63820586
3760	0.09801015	0.03057219	0.12851047	0.10565086	0.63725633
3780	0.10425046	0.03379102	0.11581622	0.10534890	0.64079340
3800	0.11478667	0.03013217	0.12808729	0.10889583	0.61809804
3820	0.10494130	0.03478542	0.11120572	0.10618325	0.64288431
3840	0.11324478	0.02785844	0.11319209	0.10902439	0.63668030
3860	0.09908258	0.03310323	0.11702205	0.09382105	0.65697110
3880	0.10952844	0.03333453	0.10548064	0.09732414	0.65433225
3900	0.10642074	0.03321324	0.12012098	0.11596869	0.62427634
3920	0.11684775	0.02999277	0.11737150	0.10548886	0.63029913
3940	0.11350911	0.03136218	0.11978042	0.10068604	0.63466225
3960	0.11495993	0.04232724	0.11862450	0.10441564	0.61967269
3980	0.11878477	0.02959214	0.11761908	0.10288444	0.63111956
4000	0.11447074	0.03348959	0.11193760	0.11523203	0.62487004
4020	0.11407843	0.03193218	0.11377268	0.11205710	0.62815960
4040	0.11384777	0.03027052	0.11567928	0.08210375	0.65809868
4060	0.11576280	0.03437269	0.11915907	0.10511030	0.62559514
4080	0.11019214	0.03111617	0.11056761	0.11471364	0.63341045
4100	0.11945231	0.03157396	0.12338575	0.09431118	0.63127680
4120	0.11743544	0.03166740	0.11821682	0.10063801	0.63204234
4140	0.11621441	0.03253843	0.11791499	0.10589904	0.62743313
4160	0.11139761	0.03513174	0.12345652	0.09853744	0.63147668
4180	0.10306472	0.03113194	0.11573838	0.11393676	0.63612820
4200	0.09759065	0.03063708	0.11505224	0.11269174	0.64402828
4220	0.09927599	0.02663430	0.12205918	0.11098362	0.64104691
4240	0.11120208	0.02935069	0.11493736	0.10952568	0.63498418
4260	0.11340242	0.03837096	0.11053048	0.09569231	0.64200383
4280	0.09715722	0.03436586	0.11117200	0.10830924	0.64899568
4300	0.11829630	0.02794084	0.11267535	0.10176949	0.63931802
4320	0.11207441	0.02349673	0.11868882	0.11600277	0.62973726
4340	0.10613805	0.03130536	0.11325216	0.10434095	0.64496348
4360	0.11035388	0.02964769	0.12690135	0.10895137	0.62414572
4380	0.11550338	0.03044729	0.11251315	0.11125943	0.63027675
4400	0.10291867	0.03143294	0.11611959	0.11015297	0.63937584
4420	0.11124140	0.02907367	0.10386954	0.09810102	0.65771437
4440	0.12012508	0.03016818	0.12559703	0.09471404	0.62939567
4460	0.10664937	0.02862911	0.11829169	0.10865580	0.63777403
4480	0.11710886	0.02676025	0.11234676	0.10800664	0.63577749
4500	0.11104117	0.03366681	0.11121261	0.09855273	0.64552668
4520	0.11441736	0.03130101	0.12868265	0.09782783	0.62777115
4540	0.10017393	0.03421936	0.11847800	0.10802880	0.63909990
4560	0.12542354	0.03084532	0.11719002	0.10616269	0.62037843
4580	0.10679255	0.02730929	0.11976935	0.09185474	0.65427407
4600	0.10260605	0.03392230	0.12599319	0.09697565	0.64050281
4620	0.11091347	0.03161005	0.12497124	0.10324394	0.62926129
4640	0.10307295	0.02824795	0.11483728	0.10824111	0.64560071
4660	0.10271827	0.03518447	0.11180186	0.10604148	0.64425393
4680	0.09416847	0.03700790	0.12988555	0.10484539	0.63409269
4700	0.10458749	0.03295338	0.11230292	0.10999485	0.64016136
4720	0.11557374	0.03372263	0.11734886	0.10197924	0.63137553
4740	0.11027014	0.03073731	0.11670912	0.10331182	0.63897161
4760	0.11983224	0.02833569	0.11525505	0.10920546	0.62737156
4780	0.11057174	0.03589860	0.12297229	0.11068380	0.61987356
4800	0.11622374	0.02737967	0.11831480	0.10652955	0.63155224
4820	0.12547084	0.03045590	0.12640474	0.09601659	0.62165193
4840	0.11031088	0.03292186	0.12420131	0.10887392	0.62369203
4860	0.10610405	0.03817151	0.12635067	0.10986963	0.61950414
4880	0.10549971	0.02827052	0.12413403	0.09853604	0.64355971
4900	0.10567711	0.02864394	0.11966009	0.10740674	0.63861212
4920	0.11542317	0.03436838	0.11654719	0.10452441	0.62913685
4940	0.10928274	0.03010056	0.12614972	0.10303075	0.63143623
4960	0.10703261	0.03211655	0.12897645	0.09388390	0.63799050
4980	0.10711805	0.02925914	0.12088221	0.10617004	0.63657056
5000	0.11082432	0.03879074	0.12139363	0.10405797	0.62493334
5020	0.12363875	0.02960619	0.12571972	0.11278243	0.60825291
5040	0.10364265	0.02332604	0.13081792	0.10519186	0.63702152
5060	0.10850158	0.03245302	0.11697159	0.10009568	0.64197813
5080	0.11072546	0.03833570	0.12156640	0.10308854	0.62628391
5100	0.11020277	0.03732388	0.10853927	0.08543421	0.65849987
5120	0.10054497	0.02863916	0.12009413	0.10638911	0.64433263
5140	0.11831889	0.03244047	0.11524891	0.10983655	0.62415518
5160	0.12625667	0.02911009	0.11664104	0.10270160	0.62529060
5180	0.11495947	0.03493729	0.12106400	0.09771517	0.63132406
5200	0.11308968	0.03909962	0.12045543	0.10567968	0.62167560
5220	0.11077075	0.04134515	0.12635222	0.10294079	0.61859109
5240	0.11407579	0.03037894	0.11472095	0.11890951	0.62191481
5260	0.10119779	0.03972322	0.11620801	0.10399516	0.63887582
5280	0.11747818	0.03589261	0.12850842	0.10167294	0.61644785
5300	0.09718313	0.03389147	0.12299101	0.10365476	0.64227962
5320	0.11939015	0.02944005	0.11432985	0.10668571	0.63015423
5340	0.10031182	0.03503352	0.11839956	0.09882146	0.64743363
5360	0.10066562	0.03049811	0.11447393	0.11283959	0.64152275
5380	0.11125304	0.02917344	0.12822792	0.10377051	0.62757509
5400	0.10560282	0.03231278	0.10745338	0.10882204	0.64580899
5420	0.09914906	0.03131986	0.11875028	0.12069849	0.63008230
5440	0.11940812	0.03497406	0.11171298	0.11016687	0.62373797
5460	0.11182688	0.03336932	0.11692395	0.10704671	0.63083314
5480	0.10471023	0.02831072	0.12246107	0.10966669	0.63485130
5500	0.11230582	0.02914172	0.11201616	0.10726870	0.63926759
5520	0.10535223	0.02998749	0.11996392	0.11357310	0.63112326
5540	0.11425361	0.03204410	0.11903249	0.10125260	0.63341720
5560	0.11596074	0.03480602	0.12606852	0.10480574	0.61835897
5580	0.11146819	0.02888305	0.11396205	0.11386914	0.63181756
5600	0.10238836	0.03146976	0.12088148	0.11865455	0.62660584
5620	0.10894364	0.02999152	0.12411366	0.09426017	0.64269101
5640	0.11490434	0.02745335	0.11739736	0.10011871	0.64012623
5660	0.11903235	0.03932789	0.12513237	0.10280235	0.61370504
5680	0.12102689	0.03062518	0.11986436	0.09790299	0.63058058
5700	0.11541134	0.03020134	0.11632068	0.09891581	0.63915083
5720	0.11759136	0.03332299	0.11860214	0.10739477	0.62308874
5740	0.11099359	0.03276273	0.11387097	0.10898961	0.63338310
5760	0.11205838	0.02853809	0.12836959	0.10040911	0.63062483
5780	0.10406715	0.02663576	0.10624580	0.11841101	0.64464028
5800	0.11813314	0.03209311	0.13648915	0.09988768	0.61339692
5820	0.11923371	0.03289646	0.12884567	0.09983821	0.61918595
5840	0.10763879	0.03361559	0.12354192	0.09496167	0.64024202
5860	0.10977049	0.03267354	0.12244144	0.11464447	0.62047006
5880	0.11655561	0.03937209	0.11238007	0.10262956	0.62906266
5900	0.10664654	0.03024208	0.13040175	0.09733992	0.63536971
5920	0.11286418	0.03006041	0.12178472	0.10764110	0.62764959
5940	0.10303736	0.03231685	0.11402566	0.08981160	0.66080853
5960	0.10760057	0.03123076	0.11452858	0.09802230	0.64861779
5980	0.11551457	0.03458198	0.11301424	0.09001099	0.64687822
6000	0.10892864	0.03115049	0.11545586	0.11199148	0.63247353
6020	0.10426395	0.02782002	0.10834199	0.10958693	0.64998711
6040	0.11221311	0.03391054	0.11686801	0.12440545	0.61260289
6060	0.12056669	0.03258913	0.11193145	0.09781483	0.63709790
6080	0.11540008	0.03494661	0.12095797	0.08334182	0.64535352
6100	0.10395538	0.03695052	0.12656534	0.10353302	0.62899573
6120	0.10265531	0.03564697	0.12322784	0.09612705	0.64234284
6140	0.10760128	0.04060301	0.11537058	0.10243476	0.63399038
6160	0.11278431	0.02260999	0.10728512	0.11074464	0.64657594
6180	0.11028662	0.03260523	0.11262127	0.10729527	0.63719162
6200	0.11406301	0.03371665	0.12380458	0.09523969	0.63317606
6220	0.11470264	0.03633494	0.12571026	0.11555058	0.60770158
6240	0.10421897	0.03182025	0.11919293	0.10333892	0.64142893
6260	0.11024367	0.03018571	0.11584938	0.10082385	0.64289739
6280	0.11486988	0.03561514	0.11668341	0.11051504	0.62231652
6300	0.12302234	0.03493326	0.11630392	0.10838660	0.61735388
6320	0.11262555	0.02817206	0.11977065	0.11544269	0.62398904
6340	0.10881469	0.03380144	0.11946843	0.09500426	0.64291117
6360	0.11227494	0.03388790	0.10529613	0.09710682	0.65143421
6380	0.10616963	0.02973338	0.12391159	0.10642712	0.63375829
6400	0.11352779	0.03430801	0.12227771	0.10137307	0.62851342
6420	0.10605812	0.03282383	0.12344304	0.10043214	0.63724287
6440	0.11333760	0.03041019	0.11336088	0.10363841	0.63925292
6460	0.11430873	0.03378469	0.11795158	0.10116756	0.63278743
6480	0.10657439	0.03355063	0.12384289	0.09839372	0.63763837
6500	0.11443112	0.03079535	0.12025138	0.11139464	0.62312751
6520	0.10116662	0.02845902	0.12462911	0.09762668	0.64811857
6540	0.11547796	0.03199315	0.12292108	0.08764086	0.64196695
6560	0.11649361	0.02930553	0.11385860	0.10719032	0.63315194
6580	0.10427297	0.02820891	0.12258967	0.10384282	0.64108563
6600	0.10699162	0.03242500	0.11148223	0.11636989	0.63273126
6620	0.11782514	0.03232842	0.11192740	0.11266235	0.62525669
6640	0.12173871	0.03006147	0.11903660	0.10698723	0.62217598
6660	0.12514240	0.03324723	0.10053166	0.10330084	0.63777788
6680	0.10257959	0.02800493	0.12751623	0.09672979	0.64516946
6700	0.11042964	0.02993211	0.12247929	0.09281595	0.64434300
6720	0.11428774	0.03438602	0.11771318	0.10694916	0.62666390
6740	0.10852144	0.03223504	0.13994851	0.10034006	0.61895494
6760	0.10998392	0.03096052	0.11131501	0.10352524	0.64421531
6780	0.10308025	0.04388719	0.12266234	0.11251609	0.61785414
6800	0.11517967	0.02993445	0.11404094	0.10536619	0.63547875
6820	0.11261371	0.02788002	0.11986742	0.10861734	0.63102150
6840	0.10183669	0.03917325	0.11505874	0.10850183	0.63542950
6860	0.11139154	0.03425691	0.11820300	0.10439244	0.63175611
6880	0.11134865	0.03701133	0.12632814	0.10983079	0.61548110
6900	0.11246875	0.03022578	0.11997417	0.09788112	0.63945018
6920	0.10853731	0.03375341	0.12329983	0.12066947	0.61373998
6940	0.10574966	0.03062619	0.12477854	0.10427380	0.63457180
6960	0.11139539	0.03710146	0.11653241	0.09967591	0.63529483
6980	0.11704125	0.03877948	0.12172011	0.11083894	0.61162023
7000	0.10425128	0.03687611	0.11190915	0.10477615	0.64218732
7020	0.11338919	0.03043455	0.10793258	0.09569872	0.65254496
7040	0.11977006	0.03404436	0.10796929	0.10173676	0.63647952
7060	0.10850095	0.03290953	0.10628086	0.11543488	0.63687378
7080	0.11537801	0.02894038	0.13083690	0.10411091	0.62073380
7100	0.11475546	0.03209303	0.10824905	0.11280403	0.63209843
7120	0.09675536	0.02831310	0.12512526	0.11297544	0.63683084
7140	0.11248882	0.03041906	0.12670551	0.10002094	0.63036567
7160	0.12225833	0.02719499	0.11448044	0.10452555	0.63154069
7180	0.11992743	0.02850734	0.11859799	0.11970485	0.61326238
7200	0.10099826	0.03719785	0.13631916	0.10406879	0.62141594
7220	0.10888221	0.03079476	0.12877972	0.10796124	0.62358207
7240	0.12770064	0.03559202	0.10732983	0.09543464	0.63394286
7260	0.10508530	0.02980091	0.11787254	0.11087723	0.63636402
7280	0.10337359	0.03128519	0.11025335	0.11747112	0.63761676
7300	0.11407115	0.03488531	0.11395341	0.11205654	0.62503359
7320	0.11115380	0.03292617	0.12041258	0.10837034	0.62713712
7340	0.10243712	0.03447124	0.10820311	0.08933606	0.66555247
7360	0.10572676	0.03267950	0.12012453	0.11231401	0.62915520
7380	0.11803382	0.03307557	0.12308431	0.09237510	0.63343120
7400	0.10689127	0.02859191	0.14132988	0.10638898	0.61679796
7420	0.11132216	0.03315431	0.11356806	0.11136726	0.63058820
7440	0.11200192	0.03713576	0.11413350	0.10564780	0.63108102
7460	0.10094582	0.02744095	0.11194073	0.10565425	0.65401825
7480	0.10300748	0.02742364	0.12039742	0.11756388	0.63160759
7500	0.10681108	0.03430846	0.12505331	0.11980968	0.61401748
7520	0.12065024	0.03441685	0.11943512	0.11682470	0.60867309
7540	0.10408464	0.02979454	0.13113721	0.10199950	0.63298410
7560	0.10766092	0.03413426	0.11555572	0.09455230	0.64809680
7580	0.11040743	0.02976797	0.11611730	0.10517534	0.63853196
7600	0.11127112	0.02611211	0.11586942	0.11127274	0.63547461
7620	0.10884547	0.02983567	0.11777874	0.11447206	0.62906806
7640	0.11146519	0.02735197	0.11650284	0.09511789	0.64956211
7660	0.09898250	0.03517965	0.11993338	0.12299334	0.62291114
7680	0.11850149	0.02800285	0.11084525	0.12233493	0.62031548
7700	0.10964895	0.02865272	0.12050723	0.10937653	0.63181457
7720	0.11614101	0.03366588	0.10430342	0.10477837	0.64111133
7740	0.11081795	0.03579946	0.11554018	0.09370016	0.64414225
7760	0.10940838	0.03041961	0.11516077	0.10413145	0.64087979
7780	0.10758747	0.03621408	0.11086444	0.10859484	0.63673916
7800	0.11479496	0.03235302	0.10810247	0.10147373	0.64327583
7820	0.12407611	0.03328835	0.11673906	0.09827203	0.62762445
7840	0.11912430	0.03521560	0.11994007	0.09548552	0.63023451
7860	0.10158947	0.03335713	0.12842818	0.09761764	0.63900759
7880	0.10387471	0.03182331	0.13445846	0.09423757	0.63560594
7900	0.11069953	0.03228984	0.11113419	0.11473318	0.63114326
7920	0.11432077	0.03368697	0.11793078	0.09116575	0.64289573
7940	0.11274602	0.03810186	0.13003963	0.10361661	0.61549588
7960	0.11013280	0.03261722	0.11426977	0.10725560	0.63572461
7980	0.10448108	0.03008770	0.12842979	0.10791874	0.62908269
8000	0.11389023	0.03612300	0.11412117	0.10439534	0.63147026
8020	0.10735039	0.03196290	0.11355476	0.11285941	0.63427255
8040	0.10552273	0.02858856	0.12478250	0.10972165	0.63138456
8060	0.10859391	0.03253219	0.12178596	0.10498530	0.63210264
8080	0.11691300	0.02783884	0.11047408	0.10558268	0.63919141
8100	0.10530050	0.03322349	0.11103083	0.10448583	0.64595935
8120	0.09974512	0.03179854	0.12766533	0.09335657	0.64743444
8140	0.09854533	0.03048629	0.12165738	0.12069876	0.62861224
8160	0.11474442	0.03664653	0.11080987	0.10632519	0.63147398
8180	0.11354315	0.03498245	0.10900838	0.10351986	0.63894615
8200	0.12198734	0.02811654	0.12034511	0.09739638	0.63215463
8220	0.10355357	0.02804562	0.12736944	0.12546412	0.61556724
8240	0.10331996	0.03618475	0.11219572	0.10071567	0.64758390
8260	0.11288685	0.03515354	0.12106640	0.10524646	0.62564676
8280	0.10558481	0.03189190	0.12211016	0.09658482	0.64382832
8300	0.10376390	0.03590110	0.13722069	0.08805642	0.63505789
8320	0.11692219	0.03628888	0.13864996	0.10024704	0.60789193
8340	0.10127440	0.04028778	0.11761790	0.09435915	0.64646078
8360	0.11323965	0.03016818	0.12043415	0.09352554	0.64263249
8380	0.13144947	0.03288227	0.11818406	0.10365667	0.61382752
8400	0.11268104	0.03630430	0.12462699	0.08493315	0.64145452
8420	0.10722147	0.03241978	0.11998211	0.09561985	0.64475680
8440	0.11855326	0.03097251	0.11271535	0.10985499	0.62790390
8460	0.10925633	0.03750748	0.11787896	0.09841412	0.63694311
8480	0.10910850	0.03811982	0.11787938	0.10261930	0.63227299
8500	0.12281280	0.03267627	0.12353394	0.09886273	0.62211426
8520	0.10660119	0.03211109	0.11425052	0.10573017	0.64130703
8540	0.12557448	0.03497844	0.12108725	0.10550221	0.61285762
8560	0.10769273	0.03279156	0.11983681	0.12174071	0.61793820
8580	0.10249384	0.03373911	0.12517571	0.11915502	0.61943632
8600	0.11749889	0.02553549	0.12311606	0.11450733	0.61934223
8620	0.10838303	0.03130825	0.11587638	0.11096717	0.63346517
8640	0.11749783	0.03081945	0.11967950	0.10797133	0.62403189
8660	0.10871023	0.02756724	0.12408216	0.10581562	0.63382476
8680	0.11237778	0.03341230	0.12717262	0.10273326	0.62430404
8700	0.11159855	0.03408498	0.11623058	0.12336438	0.61472150
8720	0.10454300	0.03467458	0.10830102	0.10542454	0.64705685
8740	0.11349123	0.03563633	0.10641697	0.10648695	0.63796852
8760	0.10240165	0.03084722	0.12625537	0.10329803	0.63719774
8780	0.10670403	0.03699382	0.11746780	0.09720222	0.64163213
8800	0.12177485	0.03165365	0.12301122	0.08970939	0.63385088
8820	0.11229255	0.03332701	0.11416558	0.10306911	0.63714576
8840	0.11738720	0.03654997	0.12607897	0.10647207	0.61351179
8860	0.10776016	0.02635386	0.14072951	0.09289252	0.63226395
8880	0.09577193	0.03464503	0.11768002	0.10729512	0.64460790
8900	0.11338835	0.03243995	0.11142382	0.10264798	0.64009991
8920	0.11996831	0.02928868	0.12102926	0.10337866	0.62633509
8940	0.10291483	0.02851906	0.11270852	0.11421761	0.64163998
8960	0.12513149	0.03060656	0.12711649	0.10003393	0.61711153
8980	0.10018729	0.02781771	0.13122023	0.10370741	0.63706736
9000	0.10037418	0.03149576	0.13159582	0.11379573	0.62273851
9020	0.10930496	0.03090880	0.11837970	0.10771692	0.63368962
9040	0.11549597	0.03604108	0.12201291	0.10975891	0.61669113
9060	0.12169718	0.03109666	0.11763322	0.10376141	0.62581153
9080	0.10535190	0.03149737	0.11637184	0.10871576	0.63806314
9100	0.11579771	0.02751438	0.11329658	0.11497159	0.62841974
9120	0.12029237	0.02584484	0.12702035	0.09943529	0.62740715
9140	0.12306010	0.03054355	0.11061381	0.10481931	0.63096323
9160	0.12495227	0.03268480	0.12537057	0.11736265	0.59962970
9180	0.10896190	0.03099075	0.11788723	0.11020824	0.63195187
9200	0.11539588	0.03748779	0.09978168	0.11109890	0.63623575
9220	0.11364452	0.03467289	0.11820648	0.10451707	0.62895903
9240	0.11505663	0.03185881	0.11256674	0.10999697	0.63052086
9260	0.10242566	0.03074085	0.11449088	0.10363034	0.64871227
9280	0.12319608	0.03280426	0.12410775	0.09503422	0.62485769
9300	0.10585722	0.03673705	0.11894121	0.10439634	0.63406818
9320	0.11664019	0.02501777	0.09864621	0.11259156	0.64710426
9340	0.10921538	0.02846911	0.11391807	0.10320970	0.64518773
9360	0.11274809	0.03600813	0.11858856	0.10508496	0.62757027
9380	0.10278649	0.03573579	0.12530034	0.10376241	0.63241497
9400	0.11870897	0.03153211	0.11344338	0.10319562	0.63311991
9420	0.11378565	0.02984585	0.12442588	0.11149816	0.62044446
9440	0.12084638	0.02858873	0.11749840	0.10066021	0.63240628
9460	0.10281961	0.02977710	0.12208918	0.09986987	0.64544424
9480	0.10692805	0.03190791	0.11610359	0.11584417	0.62921628
9500	0.10512710	0.03079117	0.12536726	0.11168920	0.62702528
9520	0.11070055	0.03451832	0.10727661	0.10626456	0.64123996
9540	0.10941849	0.02891067	0.12455988	0.10198658	0.63512438
9560	0.10343296	0.03282763	0.12564354	0.09703096	0.64106491
9580	0.10574460	0.02548413	0.11309139	0.11150627	0.64417362
9600	0.11083225	0.03184268	0.11267322	0.10318570	0.64146615
9620	0.09949337	0.03289189	0.12273375	0.09744133	0.64743967
9640	0.12106898	0.03177654	0.12158147	0.11317846	0.61239456
9660	0.10981633	0.02952622	0.11321631	0.09694681	0.65049434
9680	0.11799825	0.03301444	0.11500660	0.09888461	0.63509609
9700	0.11549152	0.03100040	0.11483851	0.10595347	0.63271610
9720	0.12165127	0.03258041	0.12217549	0.09970648	0.62388636
9740	0.09613676	0.03570581	0.13289190	0.11240842	0.62285712
9760	0.10566387	0.03035873	0.11504747	0.10634618	0.64258375
9780	0.10550883	0.03256324	0.11325224	0.11416255	0.63451315
9800	0.10481146	0.02414555	0.12474501	0.11781433	0.62848364
9820	0.09806439	0.02885668	0.11670833	0.11108110	0.64528951
9840	0.09938790	0.03492325	0.12190634	0.09756285	0.64621965
9860	0.11309209	0.03781879	0.12359884	0.09471234	0.63077794
9880	0.11029000	0.03203400	0.11998084	0.10368291	0.63401224
9900	0.10718223	0.03535045	0.12155155	0.09634289	0.63957288
9920	0.11217364	0.02917779	0.12351138	0.10936572	0.62577148
9940	0.10906721	0.03088498	0.12493929	0.10927170	0.62583682
9960	0.11714347	0.03369651	0.11175554	0.10758746	0.62981703
9980	0.11457792	0.03732692	0.12254800	0.10101945	0.62452771
10000	0.10394200	0.03667155	0.12839871	0.09417742	0.63681032
10020	0.11447774	0.03813048	0.11284982	0.10155093	0.63299104
10040	0.11130419	0.03123549	0.12795110	0.09356158	0.63594764
10060	0.10563978	0.02966658	0.11704957	0.10651518	0.64112888
10080	0.11106171	0.03262991	0.12006337	0.09184506	0.64439995
10100	0.10308437	0.03179289	0.11301920	0.09433964	0.65776390
10120	0.12674732	0.03556269	0.12402817	0.09752320	0.61613862
10140	0.10010868	0.02809933	0.12255295	0.10011936	0.64911968
10160	0.10661096	0.03507171	0.10992829	0.11799022	0.63039882
10180	0.11442095	0.03644431	0.11434874	0.10507293	0.62971307
10200	0.10599761	0.03810140	0.11498422	0.10719178	0.63372500
10220	0.10076271	0.03177967	0.12356583	0.10673140	0.63716039
10240	0.10713194	0.03147746	0.11592234	0.10434073	0.64112752
10260	0.11639786	0.03422551	0.12285373	0.08934083	0.63718207
10280	0.11072977	0.02908789	0.13038170	0.09727133	0.63252931
10300	0.11219001	0.03563689	0.11375435	0.10258383	0.63583492
10320	0.11104860	0.03390626	0.12032361	0.11260063	0.62212090
10340	0.10714886	0.03165383	0.11572856	0.11736543	0.62810333
10360	0.11503626	0.03491429	0.10850431	0.09464612	0.64689902
10380	0.10638953	0.03880252	0.11817969	0.11289052	0.62373774
10400	0.10208727	0.03477815	0.11596447	0.10398325	0.64318686
10420	0.11666791	0.02956468	0.12679452	0.10377514	0.62319775
10440	0.11148704	0.03160135	0.12283799	0.10500241	0.62907121
10460	0.11769816	0.03236406	0.10847239	0.09253363	0.64893176
10480	0.12135420	0.03736925	0.11317053	0.08615777	0.64194825
10500	0.12025444	0.03451751	0.11589826	0.10252583	0.62680396
10520	0.10384928	0.03134814	0.12228908	0.10782386	0.63468964
10540	0.10112261	0.03266797	0.11970602	0.10514766	0.64135575
10560	0.11778841	0.03279974	0.12187801	0.10578447	0.62174938
10580	0.10931174	0.03428020	0.11936515	0.10028576	0.63675714
10600	0.10694900	0.03171790	0.12404817	0.11484955	0.62243539
10620	0.10315195	0.02917870	0.13141845	0.11071046	0.62554044
10640	0.11314474	0.03030043	0.11062959	0.12791298	0.61801227
10660	0.11030191	0.02624392	0.11130053	0.10701860	0.64513504
10680	0.10421632	0.02995012	0.11872777	0.10388661	0.64321918
10700	0.10842165	0.03091741	0.12260520	0.10784523	0.63021051
10720	0.11011536	0.03409878	0.12405614	0.11064944	0.62108028
10740	0.10111600	0.02980631	0.11298869	0.09510700	0.66098199
10760	0.11205377	0.04084362	0.11423311	0.10832113	0.62454837
10780	0.09490605	0.04333907	0.12168878	0.10600612	0.63405999
10800	0.10853999	0.02866166	0.12038383	0.09736840	0.64504612
10820	0.10336595	0.03299592	0.11343376	0.09950101	0.65070335
10840	0.10073522	0.03411204	0.11609099	0.10499409	0.64406766
10860	0.10237494	0.03751682	0.13582803	0.09825211	0.62602810
10880	0.11245728	0.03482788	0.11313987	0.11027165	0.62930331
10900	0.11208049	0.03048360	0.12070980	0.10725536	0.62947075
10920	0.10946319	0.03199052	0.11969766	0.10472205	0.63412658
10940	0.11581942	0.02914950	0.11419839	0.10930383	0.63152886
10960	0.10142899	0.04030353	0.12300473	0.11034234	0.62492040
10980	0.11534435	0.02789757	0.13156841	0.10245094	0.62273873
11000	0.10865425	0.03392121	0.12335841	0.11245234	0.62161378
11020	0.12092861	0.02753701	0.11721132	0.09679811	0.63752496
11040	0.11758843	0.03809222	0.11865698	0.09249975	0.63316263
11060	0.10492919	0.03364054	0.13834685	0.12705353	0.59602990
11080	0.10772751	0.02699467	0.13119713	0.11932547	0.61475521
11100	0.12315884	0.03298616	0.11997363	0.10660695	0.61727442
11120	0.11278090	0.03608264	0.12514649	0.10700371	0.61898625
11140	0.10213479	0.03858644	0.12431638	0.10276370	0.63219869
11160	0.10870494	0.02724624	0.12191907	0.10254502	0.63958473
11180	0.10622019	0.03140901	0.12651677	0.11052395	0.62533008
11200	0.10937235	0.03285592	0.13029333	0.10412344	0.62335496
11220	0.11920654	0.03007855	0.12452635	0.10701720	0.61917136
11240	0.09896485	0.03218743	0.12182470	0.09683698	0.65018604
11260	0.11213587	0.02467363	0.12005469	0.10663681	0.63649901
11280	0.11204933	0.03364322	0.12545644	0.12210503	0.60674598
11300	0.11248977	0.02791980	0.11624470	0.09796271	0.64538302
11320	0.10526813	0.03615440	0.11725029	0.10497796	0.63634922
11340	0.10010444	0.03553829	0.12398224	0.11393482	0.62644021
11360	0.11186868	0.02841907	0.11727339	0.09857266	0.64386621
11380	0.11997745	0.03000863	0.11618270	0.10100396	0.63282726
11400	0.11364822	0.02657026	0.11751944	0.10488847	0.63737361
11420	0.11558389	0.03390928	0.11613625	0.10057728	0.63379329
11440	0.12036455	0.02971190	0.11181370	0.10593374	0.63217611
11460	0.12070343	0.03823149	0.11903567	0.10492154	0.61710788
11480	0.11758951	0.02241014	0.11454595	0.11325453	0.63219987
11500	0.10274973	0.03042693	0.12514574	0.09476732	0.64691028
11520	0.11064764	0.02995033	0.12426224	0.10319141	0.63194838
11540	0.09990402	0.02757778	0.12790493	0.10212495	0.64248831
11560	0.10859743	0.04129155	0.11995749	0.11001293	0.62014060
11580	0.10631947	0.03830727	0.12356859	0.09631803	0.63548664
11600	0.13041330	0.02767959	0.11645787	0.10315348	0.62229576
11620	0.10295695	0.03521932	0.11990694	0.11253096	0.62938583
11640	0.11254194	0.03500622	0.11618541	0.11030520	0.62596124
11660	0.11973187	0.02947056	0.11302640	0.09514324	0.64262792
11680	0.10860865	0.03450834	0.11216328	0.10347545	0.64124428
11700	0.11500663	0.03050533	0.10926778	0.10524947	0.63997079
11720	0.10563557	0.03477912	0.11929687	0.10895104	0.63133740
11740	0.11952337	0.03106285	0.11913003	0.10520416	0.62507959
11760	0.09925764	0.03639420	0.12450686	0.09954150	0.64029981
11780	0.10877850	0.03977895	0.11447703	0.10620375	0.63076178
11800	0.12208671	0.03662194	0.11473189	0.10469269	0.62186676
11820	0.10989903	0.03211486	0.12413856	0.10190109	0.63194646
11840	0.11594393	0.03526758	0.11819061	0.10288116	0.62771671
11860	0.10705465	0.03457722	0.10904112	0.11227253	0.63705448
11880	0.10319543	0.03229172	0.12452497	0.10732249	0.63266539
11900	0.10063212	0.02824539	0.11860659	0.09588635	0.65662955
11920	0.10191318	0.03591709	0.12881626	0.09668055	0.63667292
11940	0.11084947	0.03039830	0.12767851	0.11447737	0.61659634
11960	0.10223987	0.03127593	0.11740499	0.12661005	0.62246915
11980	0.11031086	0.02997366	0.10765436	0.10570588	0.64635524
12000	0.11820643	0.04536046	0.10565521	0.10531449	0.62546341
12020	0.09798166	0.03494198	0.12125409	0.11007341	0.63574885
12040	0.10890239	0.03502112	0.12034196	0.11071784	0.62501668
12060	0.10378042	0.03960087	0.11181514	0.10875764	0.63604594
12080	0.10973282	0.03688385	0.12312558	0.09409883	0.63615892
12100	0.11605154	0.02902734	0.11440093	0.10418136	0.63633883
12120	0.11527720	0.03312228	0.11443482	0.10150684	0.63565884
12140	0.11288405	0.03082933	0.11039724	0.11238925	0.63350014
12160	0.10368385	0.02766574	0.12103140	0.10231245	0.64530657
12180	0.10107660	0.03328436	0.12355772	0.10432507	0.63775625
12200	0.10887451	0.03102375	0.12088057	0.10200388	0.63721728
12220	0.11258612	0.03290475	0.11940153	0.10614979	0.62895779
12240	0.11018342	0.02925443	0.12136556	0.12297788	0.61621870
12260	0.10117682	0.03118810	0.11762066	0.08892642	0.66108799
12280	0.09929827	0.02945798	0.11504263	0.11159598	0.64460514
12300	0.11358796	0.03188893	0.12186628	0.11583080	0.61682603
12320	0.11660255	0.02842277	0.11014532	0.10225600	0.64257336
12340	0.11435737	0.02660835	0.12327863	0.10310317	0.63265248
12360	0.11957353	0.02838720	0.11740589	0.10644551	0.62818788
12380	0.10612636	0.03350153	0.11606903	0.09552628	0.64877679
12400	0.11409747	0.03453611	0.12328556	0.09935428	0.62872658
12420	0.11684093	0.02877863	0.11772343	0.09983962	0.63681739
12440	0.11176682	0.03272156	0.12574844	0.11341171	0.61635146
12460	0.11038776	0.03725719	0.12190598	0.10064874	0.62980034
12480	0.10205615	0.03336320	0.11260239	0.09968486	0.65229339
12500	0.11871239	0.03092892	0.10615220	0.11704128	0.62716520
12520	0.10510699	0.03270161	0.12970369	0.10874303	0.62374467
12540	0.10882072	0.03146514	0.11933060	0.11998550	0.62039804
12560	0.10714056	0.03541248	0.10939377	0.09670255	0.65135064
12580	0.11171963	0.03364660	0.11426812	0.10226336	0.63810229
12600	0.10994519	0.03135194	0.12287306	0.10684592	0.62898389
12620	0.10217148	0.03217678	0.11299183	0.11106355	0.64159635
12640	0.10854604	0.03304319	0.11514007	0.10322545	0.64004526
12660	0.11496916	0.03435550	0.10698072	0.09817681	0.64551782
12680	0.10796722	0.02650164	0.13077291	0.10170359	0.63305464
12700	0.10937839	0.03364996	0.11846709	0.11504430	0.62346025
12720	0.12139862	0.02378787	0.12475439	0.09529273	0.63476639
12740	0.10434885	0.02571118	0.11995759	0.10168601	0.64829638
12760	0.11549976	0.03305072	0.12238384	0.11267322	0.61639246
12780	0.10848063	0.03094832	0.11668276	0.10608806	0.63780023
12800	0.10879999	0.03552074	0.12904343	0.10899834	0.61763750
12820	0.10209125	0.03079776	0.11720512	0.11192932	0.63797655
12840	0.10293943	0.03165793	0.12606814	0.10954726	0.62978724
12860	0.12328244	0.02585081	0.12494902	0.12026418	0.60565355
12880	0.10642866	0.03376153	0.12301466	0.09901745	0.63777770
12900	0.10662860	0.02989227	0.12420033	0.10072591	0.63855289
12920	0.10367069	0.02764553	0.13066885	0.10616033	0.63185459
12940	0.10652430	0.02953995	0.13274159	0.09562095	0.63557320
12960	0.11288260	0.03158302	0.12509862	0.09625181	0.63418394
12980	0.09365512	0.03426844	0.11646516	0.10360929	0.65200199
13000	0.09938381	0.03350175	0.11443104	0.10442970	0.64825369
13020	0.12092504	0.03197232	0.11347256	0.10812494	0.62550514
13040	0.11255351	0.03444307	0.11291486	0.11405112	0.62603743
13060	0.10403557	0.02515327	0.12152949	0.10939451	0.63988717
13080	0.10929205	0.02620326	0.13725234	0.09000962	0.63724273
13100	0.11582271	0.03014878	0.12117139	0.10789988	0.62495725
13120	0.11859081	0.03026240	0.11636273	0.10189033	0.63289373
13140	0.11477775	0.02957971	0.12196202	0.12499869	0.60868184
13160	0.10983093	0.03621879	0.12058052	0.10266442	0.63070534
13180	0.11569197	0.03469791	0.12562251	0.10460039	0.61938722
13200	0.12331669	0.02770751	0.11648166	0.10466766	0.62782648
