## reporting unit PofZ values from gsi_sim.  These are plug-in values of type indicated by the file name
IndivName	LocNum	Norton	Upper_Yukon	Middle_Yukon	Lower_Yukon	Bristol_Bay_Kusk
KANDR03_1	280	0.00000457	0.00000000	0.00000000	0.98115141	0.01884403
KANDR03_2	281	0.00008331	0.00000000	0.00000000	0.94421799	0.05569870
KANDR03_3	280	0.00485171	0.00000000	0.00000000	0.35562506	0.63952323
KANDR03_4	281	0.00000209	0.00000000	0.00000000	0.99890251	0.00109540
KANDR03_5	281	0.00000292	0.00000000	0.00000000	0.99986330	0.00013379
KANDR03_6	280	0.00021446	0.00000000	0.00000000	0.90520954	0.09457600
KANDR03_7	280	0.00005828	0.00000000	0.00000000	0.03234105	0.96760067
KANDR03_8	281	0.00005676	0.00000000	0.00000000	0.94332382	0.05661942
KANDR03_9	281	0.00015917	0.00000000	0.00000000	0.95445067	0.04539017
KANDR03_10	281	0.00001030	0.00000000	0.00000000	0.99407002	0.00591968
KANDR03_11	280	0.00003502	0.00000000	0.00000000	0.88198941	0.11797557
KANDR03_12	281	0.00000350	0.00000000	0.00000000	0.96664188	0.03335462
KANDR03_13	281	0.18078282	0.00000000	0.00000000	0.62813303	0.19108416
KANDR03_14	281	0.00008485	0.00000000	0.00000000	0.94065727	0.05925788
KANDR03_15	280	0.00517650	0.00000000	0.00000000	0.02735530	0.96746820
KANDR03_16	280	0.00008188	0.00000000	0.00000052	0.93149420	0.06842340
KANDR03_17	281	0.00022173	0.00000000	0.00000000	0.40200769	0.59777058
KANDR03_18	281	0.00004278	0.00000000	0.00000008	0.54733122	0.45262592
KANDR03_19	281	0.00000209	0.00000000	0.00000000	0.99890251	0.00109540
KANDR03_20	281	0.00196492	0.00000000	0.00000000	0.90702273	0.09101235
KANDR03_21	280	0.00786646	0.00000000	0.00000000	0.88633935	0.10579419
KANDR03_22	280	0.00007647	0.00000000	0.00000000	0.03507712	0.96484642
KANDR03_23	279	0.00000318	0.00000000	0.00000000	0.84162128	0.15837555
KANDR03_24	281	0.00402668	0.00000000	0.00000000	0.54688907	0.44908425
KANDR03_25	281	0.00002882	0.00000000	0.00000000	0.92511610	0.07485508
KANDR03_26	280	0.01323655	0.00000000	0.00000000	0.14889966	0.83786379
KANDR03_27	279	0.00081419	0.00000000	0.00000000	0.93240014	0.06678567
KANDR03_28	279	0.00217953	0.00000000	0.00000000	0.77507985	0.22274062
KANDR03_29	278	0.01201552	0.00000000	0.00000000	0.05546615	0.93251833
KANDR03_30	281	0.00105273	0.00000000	0.00000000	0.95426567	0.04468160
KANDR03_31	281	0.00002488	0.00000000	0.00000000	0.99733482	0.00264030
KANDR03_32	278	0.00074583	0.00000000	0.00000000	0.52119516	0.47805901
KANDR03_33	270	0.00059333	0.00000000	0.00000000	0.61759543	0.38181124
KANDR03_34	277	0.00000516	0.00000000	0.00000000	0.99444821	0.00554663
KANDR03_35	280	0.00009474	0.00000000	0.00000000	0.89857704	0.10132822
KANDR03_36	281	0.00506554	0.00000000	0.00000000	0.96363939	0.03129506
KANDR03_37	274	0.00001858	0.00000000	0.00074649	0.97198012	0.02725481
KANDR03_38	281	0.00040368	0.00000000	0.00000008	0.81351054	0.18608570
KANDR03_39	281	0.00001103	0.00000000	0.00000000	0.98501106	0.01497791
KANDR03_40	281	0.00191935	0.00000000	0.00000000	0.94660324	0.05147741
KANDR03_41	280	0.43152877	0.00000000	0.00000000	0.54054850	0.02792272
KANDR03_42	280	0.00059803	0.00000000	0.00000000	0.96643836	0.03296361
KANDR03_43	280	0.11236335	0.00000000	0.00000000	0.85769753	0.02993912
KANDR03_44	280	0.00003404	0.00000000	0.00000000	0.98725757	0.01270839
KANDR03_45	279	0.00002741	0.00000000	0.00000000	0.93482878	0.06514381
KANDR03_46	278	0.00000896	0.00000000	0.00000000	0.96271976	0.03727127
KANDR03_47	279	0.25976691	0.00000000	0.00000000	0.71715990	0.02307320
KANDR03_48	280	0.00006062	0.00000000	0.00000000	0.70706813	0.29287125
KANDR03_49	281	0.00004990	0.00000000	0.00000000	0.98993391	0.01001620
KANDR03_50	281	0.00312853	0.00000000	0.00000000	0.67138118	0.32549029
KANDR03_51	281	0.00004426	0.00000000	0.00000000	0.45269594	0.54725979
KANDR03_52	280	0.00770902	0.00000000	0.00000000	0.60967691	0.38261407
KANDR03_53	279	0.00015609	0.00000000	0.00000000	0.58116283	0.41868108
KANDR03_54	280	0.00019605	0.00000000	0.00000000	0.99705344	0.00275052
KANDR03_55	276	0.00011454	0.00000000	0.00000000	0.99392286	0.00596259
KANDR03_56	281	0.00000469	0.00000000	0.00000000	0.07775083	0.92224448
KANDR03_57	280	0.00000715	0.00000000	0.00000001	0.99474115	0.00525170
KANDR03_58	280	0.00150247	0.00000000	0.00000000	0.59984371	0.39865382
KANDR03_59	281	0.00008709	0.00000000	0.00000000	0.99926306	0.00064985
KANDR03_60	281	0.67918617	0.00000000	0.00000000	0.12079521	0.20001862
KANDR03_61	281	0.00003217	0.00000000	0.00000000	0.99892696	0.00104087
KANDR03_62	279	0.00000201	0.00000000	0.00000000	0.98840346	0.01159453
KANDR03_63	281	0.00000042	0.00000000	0.00000000	0.99886608	0.00113350
KANDR03_64	281	0.00000502	0.00000000	0.00000000	0.99626920	0.00372578
KANDR03_65	279	0.00151576	0.00000000	0.00000000	0.58522208	0.41326215
KANDR03_66	281	0.00018416	0.00000000	0.00000000	0.92178198	0.07803386
KANDR03_67	281	0.00038059	0.00000000	0.00000000	0.27949720	0.72012221
KANDR03_68	281	0.00005552	0.00000000	0.00000000	0.98862594	0.01131854
KANDR03_69	281	0.00003060	0.00000000	0.00000000	0.84806397	0.15190543
KANDR03_70	281	0.00018715	0.00000000	0.00000315	0.82021391	0.17959579
KANDR03_71	280	0.00007065	0.00000000	0.00000000	0.12035739	0.87957196
KANDR03_72	281	0.00010848	0.00000000	0.00000000	0.18785748	0.81203404
KANDR03_73	281	0.00216966	0.00000000	0.00000000	0.52081371	0.47701663
KANDR03_74	281	0.00000274	0.00000000	0.00000000	0.99848860	0.00150866
KANDR03_75	281	0.00043917	0.00000000	0.00000001	0.99008992	0.00947091
KANDR03_76	281	0.00132479	0.00000000	0.00000001	0.89305937	0.10561582
KANDR03_77	281	0.00000182	0.00000000	0.00000000	0.99776375	0.00223443
KANDR03_78	280	0.05039412	0.00000000	0.00000000	0.53606273	0.41354314
KANDR03_79	281	0.00073584	0.00000000	0.00000000	0.98724785	0.01201631
KANDR03_80	281	0.00019359	0.00000000	0.00000000	0.90475382	0.09505259
KANDR03_81	281	0.00381741	0.00000000	0.00000000	0.97021491	0.02596767
KANDR03_82	280	0.00632941	0.00000000	0.00000000	0.12337659	0.87029400
KANDR03_83	280	0.00016485	0.00000000	0.00000000	0.97886445	0.02097071
KANDR03_84	281	0.00020799	0.00000000	0.00000000	0.65888937	0.34090263
KANDR03_85	281	0.00012322	0.00000000	0.00000000	0.96045962	0.03941716
KANDR03_86	279	0.00000566	0.00000000	0.00000000	0.97794081	0.02205353
KANDR03_87	280	0.00381916	0.00000000	0.00000000	0.87734238	0.11883847
KANDR03_88	278	0.00035917	0.00000000	0.00000000	0.16220374	0.83743709
KANDR03_89	281	0.00001037	0.00000000	0.00000000	0.91192725	0.08806238
KANDR03_90	278	0.00004500	0.00000000	0.00000000	0.96860039	0.03135461
KANVI07_1	280	0.00001769	0.00000000	0.00000000	0.30960003	0.69038228
KANVI07_2	281	0.00667086	0.00000000	0.00002294	0.67230746	0.32099874
KANVI07_3	280	0.00023336	0.00000000	0.00000000	0.88027152	0.11949512
KANVI07_4	279	0.00004984	0.00000000	0.00000021	0.99983004	0.00011990
KANVI07_5	281	0.00001156	0.00000000	0.00000000	0.89201760	0.10797085
KANVI07_6	281	0.00000024	0.00000000	0.00000000	0.99993549	0.00006427
KANVI07_7	280	0.00006947	0.00000000	0.00000000	0.99950561	0.00042492
KANVI07_8	280	0.01355928	0.00000000	0.00000021	0.92891384	0.05752667
KANVI07_9	281	0.00010782	0.00000000	0.00000000	0.91903048	0.08086170
KANVI07_10	280	0.00000004	0.00000000	0.00000000	0.99999974	0.00000023
KANVI07_11	280	0.00055779	0.00000000	0.00000000	0.70174136	0.29770085
KANVI07_12	279	0.08847835	0.00000000	0.00000000	0.86299848	0.04852316
KANVI07_13	271	0.00078577	0.00000000	0.00000000	0.99888765	0.00032659
KANVI07_14	281	0.00000688	0.00000000	0.00000000	0.41152450	0.58846862
KANVI07_15	278	0.00000899	0.00000000	0.00000000	0.97362519	0.02636582
KANVI07_16	274	0.00019781	0.00000000	0.00000000	0.98087814	0.01892406
KANVI07_17	281	0.00470015	0.00000000	0.00000000	0.01016840	0.98513144
KANVI07_18	281	0.00019168	0.00000000	0.00000103	0.85649981	0.14330748
KANVI07_19	281	0.00000015	0.00000000	0.00000000	0.99999120	0.00000866
KANVI07_20	281	0.00004071	0.00000000	0.00000000	0.99705106	0.00290823
KANVI07_21	281	0.00001234	0.00000000	0.00000000	0.99388451	0.00610315
KANVI07_22	281	0.00000953	0.00000000	0.00000000	0.99116231	0.00882816
KANVI07_23	279	0.00000000	1.00000000	0.00000000	0.00000000	0.00000000
KANVI07_24	281	0.00000024	0.00000000	0.00000000	0.99993549	0.00006427
KANVI07_25	281	0.00003573	0.00000000	0.00000000	0.98687764	0.01308664
KANVI07_26	281	0.00000055	0.00000000	0.00000000	0.99997680	0.00002266
KANVI07_27	281	0.00000751	0.00000000	0.00000000	0.99671467	0.00327783
KANVI07_28	277	0.00000012	0.98649819	0.00945500	0.00404652	0.00000017
KANVI07_29	281	0.00017076	0.00000000	0.00000000	0.90110140	0.09872784
KANVI07_30	281	0.08817953	0.00000000	0.00000000	0.88352441	0.02829607
KANVI07_31	275	0.00000008	0.00000000	0.00000000	0.99999751	0.00000241
KANVI07_32	280	0.00000066	0.00000000	0.00000000	0.99976210	0.00023724
KANVI07_33	281	0.00005146	0.00000000	0.00000000	0.81642099	0.18352754
KANVI07_34	279	0.00016754	0.00000000	0.00000000	0.82544169	0.17439077
KANVI07_35	280	0.00553711	0.00000000	0.00000000	0.93042850	0.06403438
KANVI07_36	280	0.00000007	0.00000000	0.00000000	0.99999470	0.00000523
KANVI07_37	278	0.00080193	0.00000000	0.00000000	0.94501781	0.05418026
KANVI07_38	281	0.00000044	0.00000000	0.00000000	0.99988653	0.00011303
KANVI07_39	278	0.00226288	0.00000000	0.00000000	0.90012788	0.09760924
KANVI07_40	277	0.00000000	1.00000000	0.00000000	0.00000000	0.00000000
KANVI07_41	278	0.00024069	0.00000000	0.00000000	0.98106998	0.01868932
KANVI07_42	273	0.00035400	0.00000000	0.00000000	0.99807699	0.00156901
KANVI07_43	279	0.00285638	0.00000000	0.00000000	0.33751355	0.65963006
KANVI07_44	280	0.00149425	0.00000000	0.00000021	0.99270707	0.00579847
KANVI07_45	276	0.04985218	0.00000000	0.00000000	0.85450480	0.09564303
KANVI07_46	278	0.00791561	0.00000000	0.00000000	0.75853751	0.23354688
KANVI07_47	280	0.00004980	0.00000000	0.00000000	0.76114418	0.23880602
KANVI07_48	281	0.00000092	0.00000000	0.00000000	0.99989518	0.00010390
KANVI07_49	280	0.00000968	0.00000000	0.00000000	0.98059058	0.01939973
KANVI07_50	280	0.00000002	0.00000000	0.00000000	0.99996035	0.00003963
KANVI07_51	278	0.16008190	0.00000000	0.00000000	0.80750722	0.03241088
KANVI07_52	279	0.00000001	0.00000000	0.00000000	0.99999682	0.00000318
KAROL05_1	281	0.00004700	0.00000000	0.00000000	0.00011649	0.99983651
KAROL05_2	281	0.00005117	0.00000000	0.00000000	0.00757939	0.99236943
KAROL05_3	281	0.00121688	0.00000000	0.00000000	0.00772150	0.99106162
KAROL05_4	280	0.00081473	0.00000000	0.00000000	0.00028041	0.99890486
KAROL05_5	281	0.01230455	0.00000000	0.00000000	0.00115501	0.98654044
KAROL05_6	280	0.01344735	0.00000000	0.00000000	0.01429789	0.97225476
KAROL05_7	280	0.00014063	0.00000000	0.00000000	0.00149195	0.99836743
KAROL05_8	279	0.00778793	0.00000000	0.00000000	0.00362227	0.98858979
KAROL05_9	281	0.00006035	0.00000000	0.00000000	0.00229105	0.99764859
KAROL05_10	281	0.00004445	0.00000000	0.00000000	0.00198085	0.99797470
KAROL05_11	281	0.00011872	0.00000000	0.00000000	0.00021878	0.99966250
KAROL05_12	281	0.00026334	0.00000000	0.00000000	0.00097529	0.99876137
KAROL05_13	280	0.59745054	0.00000000	0.00000000	0.00002488	0.40252458
KAROL05_14	281	0.00029523	0.00000000	0.00000000	0.00383727	0.99586751
KAROL05_15	281	0.00393833	0.00000000	0.00000000	0.00000331	0.99605837
KAROL05_16	279	0.00005612	0.00000000	0.00000000	0.00001855	0.99992533
KAROL05_17	279	0.00038248	0.00000000	0.00000000	0.05426539	0.94535212
KAROL05_18	280	0.00000871	0.00000000	0.00000000	0.00038060	0.99961068
KAROL05_19	281	0.00000151	0.00000000	0.00000000	0.00166965	0.99832884
KAROL05_20	281	0.02112335	0.00000017	0.01045949	0.03865568	0.92976130
KAROL05_21	280	0.00530765	0.00000000	0.00000000	0.03469682	0.95999553
KAROL05_22	281	0.00019905	0.00000000	0.00000000	0.00051030	0.99929064
KAROL05_23	281	0.00003423	0.00000000	0.00000000	0.00006549	0.99990029
KAROL05_24	281	0.00248791	0.00000000	0.00000000	0.00316497	0.99434712
KAROL05_25	281	0.00018226	0.00000000	0.00000000	0.00243129	0.99738645
KAROL05_26	280	0.01433441	0.00000000	0.00000000	0.00176187	0.98390372
KAROL05_27	281	0.00018658	0.00000000	0.00000000	0.00705637	0.99275705
KAROL05_28	280	0.00009311	0.00000000	0.00000000	0.00000868	0.99989822
KAROL05_29	281	0.00003177	0.00000000	0.00000000	0.00002473	0.99994350
KAROL05_30	281	0.01739345	0.00000000	0.00000002	0.00962282	0.97298371
KAROL05_31	281	0.00157564	0.00000000	0.00000000	0.14375004	0.85467432
KAROL05_32	280	0.00062654	0.00000000	0.00000000	0.00055892	0.99881454
KAROL05_33	280	0.00622479	0.00000000	0.00000000	0.01284144	0.98093377
KAROL05_34	281	0.00045011	0.00000000	0.00000000	0.00086538	0.99868451
KAROL05_35	280	0.00001870	0.00000000	0.00000000	0.85851683	0.14146447
KAROL05_36	279	0.13869183	0.00000000	0.00001150	0.06146362	0.79983304
KAROL05_37	281	0.00088309	0.00000000	0.00000000	0.00082579	0.99829112
KAROL05_38	281	0.00003306	0.00000000	0.00000000	0.00330771	0.99665923
KAROL05_39	280	0.00033448	0.00000000	0.00000000	0.00141939	0.99824613
KAROL05_40	279	0.00039028	0.00000000	0.00000000	0.01299038	0.98661934
KAROL05_41	279	0.00118109	0.00000000	0.00000000	0.00998542	0.98883349
KAROL05_42	281	0.00581807	0.00000000	0.00000000	0.21434372	0.77983821
KAROL05_43	281	0.01123445	0.00000000	0.00000000	0.00527116	0.98349440
KAROL05_44	279	0.00044252	0.00000000	0.00000000	0.03331940	0.96623808
KAROL05_45	281	0.00163266	0.00000000	0.00000000	0.03886565	0.95950169
KAROL05_46	280	0.00000592	0.00000000	0.00000000	0.00226005	0.99773402
KAROL05_47	279	0.00011030	0.00000000	0.00000000	0.00125824	0.99863146
KAROL05_48	281	0.00000006	0.00000000	0.00000000	0.00000590	0.99999404
KAROL05_49	281	0.02943076	0.00000000	0.00000000	0.00017701	0.97039222
KAROL05_50	281	0.00000024	0.00000000	0.00000000	0.00003774	0.99996202
KAROL05_51	281	0.00011726	0.00000000	0.00000000	0.00023922	0.99964351
KAROL05_52	281	0.00002599	0.00000000	0.00000000	0.00006723	0.99990678
KBIGCK04_1	281	0.01208561	0.00000000	0.00000000	0.00278961	0.98512479
KBIGCK04_2	280	0.02397488	0.00000000	0.00000000	0.00141440	0.97461072
KBIGCK04_3	281	0.00086987	0.00000000	0.00000000	0.00000006	0.99913007
KBIGCK04_4	281	0.00017186	0.00000000	0.00000000	0.12057277	0.87925537
KBIGCK04_5	281	0.00001497	0.00000000	0.00000000	0.00017490	0.99981013
KBIGCK04_6	281	0.01696701	0.00000000	0.00000001	0.00894431	0.97408868
KBIGCK04_7	281	0.00003276	0.00000000	0.00000000	0.03226750	0.96769974
KBIGCK04_8	279	0.00001698	0.00000000	0.00000000	0.00003462	0.99994840
KBIGCK04_9	280	0.00001789	0.00000000	0.00000053	0.46080294	0.53917864
KBIGCK04_10	281	0.00011399	0.00000000	0.00000000	0.01017324	0.98971277
KBIGCK04_11	278	0.00000040	0.00000000	0.00000000	0.00003912	0.99996048
KBIGCK04_12	281	0.00015802	0.00000000	0.00000000	0.00521948	0.99462250
KBIGCK04_13	281	0.00018982	0.00000000	0.00000000	0.00073245	0.99907773
KBIGCK04_14	281	0.00000823	0.00000000	0.00000000	0.00000442	0.99998735
KBIGCK04_15	281	0.00004539	0.00000000	0.00000000	0.00795930	0.99199530
KBIGCK04_16	280	0.00123678	0.00000000	0.00000000	0.00168333	0.99707988
KBIGCK04_17	280	0.00001825	0.00000000	0.00000000	0.00159910	0.99838265
KBIGCK04_18	281	0.00003197	0.00000000	0.00000000	0.00008852	0.99987951
KBIGCK04_19	280	0.00263426	0.00000000	0.00000000	0.00003786	0.99732788
KBIGCK04_20	281	0.00104811	0.00000000	0.00000000	0.00075120	0.99820070
KBIGCK04_21	280	0.00332907	0.00000000	0.00000000	0.00183463	0.99483629
KBIGCK04_22	280	0.00256366	0.00000000	0.00000000	0.79457837	0.20285797
KBIGCK04_23	281	0.00222045	0.00000000	0.00000000	0.00049786	0.99728169
KBIGCK04_24	279	0.01058325	0.00000000	0.00000000	0.00031488	0.98910187
KBIGCK04_25	281	0.00043934	0.00000000	0.00000017	0.00132420	0.99823629
KBIGCK04_26	280	0.00003693	0.00000000	0.00000000	0.00036864	0.99959443
KBIGCK04_27	279	0.00017691	0.00000000	0.00000000	0.00003960	0.99978349
KBIGCK04_28	281	0.16369455	0.00000000	0.00000000	0.00108301	0.83522244
KBIGCK04_29	281	0.00003227	0.00000000	0.00000000	0.00000947	0.99995826
KBIGCK04_30	280	0.00000165	0.00000000	0.00000000	0.00015634	0.99984201
KBIGCK04_31	280	0.00039765	0.00000000	0.00000000	0.00010463	0.99949771
KBIGCK04_32	275	0.01348262	0.00000000	0.00000000	0.07627373	0.91024365
KBIGCK04_33	280	0.00038843	0.00000000	0.00000000	0.00026084	0.99935073
KBIGCK04_34	279	0.00096079	0.00000000	0.00000000	0.05265457	0.94638463
KBIGCK04_35	281	0.00000345	0.00000000	0.00000000	0.00000896	0.99998758
KBIGCK04_36	280	0.00112828	0.00000000	0.00000000	0.00000526	0.99886646
KBIGCK04_37	281	0.00001970	0.00000000	0.00000000	0.06126832	0.93871199
KBIGCK04_38	281	0.00404533	0.00000000	0.00000000	0.01397645	0.98197822
KBIGCK04_39	280	0.00000034	0.00000000	0.00000000	0.00000700	0.99999266
KBIGCK04_40	280	0.00006247	0.00000000	0.00000000	0.00000606	0.99993147
KBIGCK04_41	281	0.00022746	0.00000000	0.00000000	0.00000757	0.99976497
KBIGCK04_42	281	0.00003027	0.00000000	0.00000000	0.01758500	0.98238472
KBIGCK04_43	280	0.00000030	0.00000000	0.00000000	0.00001043	0.99998927
KBIGCK04_44	280	0.00000211	0.00000000	0.00000000	0.00004308	0.99995481
KBIGCK04_45	275	0.00735615	0.00000000	0.00000000	0.00016813	0.99247572
KBIGCK04_46	275	0.00163724	0.00000000	0.00000000	0.00748769	0.99087507
KBIGCK04_47	280	0.00009422	0.00000000	0.00000000	0.00000133	0.99990445
KBIGCK04_48	279	0.00032458	0.00000000	0.00000000	0.00284149	0.99683394
KBIGCK04_49	279	0.00000481	0.00000000	0.00000000	0.00001744	0.99997775
KBIGCK04_50	278	0.00079513	0.00000000	0.00000000	0.00187702	0.99732784
KBIGCK04_51	274	0.00141499	0.00000000	0.00000000	0.00043165	0.99815337
KBIGCK04_52	280	0.00685530	0.00000000	0.00000000	0.01246127	0.98068342
KBIGCK04_53	280	0.00703511	0.00000000	0.00000000	0.00684998	0.98611491
KBIGCK04_54	281	0.00001832	0.00000000	0.00000000	0.00002248	0.99995920
KBIGCK04_55	276	0.00054941	0.00000000	0.00000000	0.00030060	0.99914998
KBIGCK04_56	281	0.00000056	0.00000000	0.00000000	0.00000191	0.99999753
KBIGCK04_57	281	0.00093858	0.00000000	0.00000000	0.00011171	0.99894971
KBIGCK04_58	280	0.00001831	0.00000000	0.00000000	0.00057825	0.99940344
KBIGCK04_59	275	0.01811609	0.00000000	0.00000000	0.00023635	0.98164756
KBIGCK04_60	281	0.00000077	0.00000000	0.00000000	0.00000008	0.99999915
KBIGCK04_61	279	0.00000040	0.00000000	0.00000000	0.00000744	0.99999216
KBIGCK04_62	281	0.00000039	0.00000000	0.00000000	0.00004162	0.99995799
KBIGCK04_63	277	0.00002647	0.00000000	0.00000000	0.00002764	0.99994589
KBIGCK04_64	281	0.00049335	0.00000000	0.00000000	0.12088745	0.87861920
KBIGCK04_65	281	0.00002045	0.00000000	0.00000000	0.00744122	0.99253834
KBIGS07_1	278	0.00000000	1.00000000	0.00000000	0.00000000	0.00000000
KBIGS07_2	281	0.00000000	1.00000000	0.00000000	0.00000000	0.00000000
KBIGS07_3	280	0.00000000	1.00000000	0.00000000	0.00000000	0.00000000
KBIGS07_4	280	0.00000000	1.00000000	0.00000000	0.00000000	0.00000000
KBIGS07_5	280	0.00000000	1.00000000	0.00000000	0.00000000	0.00000000
KBIGS07_6	281	0.00000000	1.00000000	0.00000000	0.00000000	0.00000000
KBIGS07_7	281	0.00000000	1.00000000	0.00000000	0.00000000	0.00000000
KBIGS07_8	281	0.00000000	1.00000000	0.00000000	0.00000000	0.00000000
KBIGS07_9	280	0.00000000	1.00000000	0.00000000	0.00000000	0.00000000
KBIGS07_10	281	0.00000000	1.00000000	0.00000000	0.00000000	0.00000000
KBIGS07_11	281	0.00000000	1.00000000	0.00000000	0.00000000	0.00000000
KBIGS07_12	281	0.00000000	1.00000000	0.00000000	0.00000000	0.00000000
KBIGS07_13	279	0.00000000	1.00000000	0.00000000	0.00000000	0.00000000
KBIGS07_14	279	0.00000000	1.00000000	0.00000000	0.00000000	0.00000000
KBIGS07_15	279	0.00000000	0.99999972	0.00000028	0.00000000	0.00000000
KBIGS07_16	281	0.00000000	0.99999897	0.00000103	0.00000000	0.00000000
KBIGS07_17	280	0.00000000	1.00000000	0.00000000	0.00000000	0.00000000
KBIGS07_18	279	0.00000000	1.00000000	0.00000000	0.00000000	0.00000000
KBIGS07_19	280	0.00000000	1.00000000	0.00000000	0.00000000	0.00000000
KBIGS07_20	281	0.00000000	1.00000000	0.00000000	0.00000000	0.00000000
KBIGS07_21	280	0.00000000	1.00000000	0.00000000	0.00000000	0.00000000
KBIGS07_22	281	0.00000000	1.00000000	0.00000000	0.00000000	0.00000000
KBIGS07_23	280	0.00000000	1.00000000	0.00000000	0.00000000	0.00000000
KBIGS07_24	279	0.00000000	1.00000000	0.00000000	0.00000000	0.00000000
KBIGS07_25	280	0.00000000	1.00000000	0.00000000	0.00000000	0.00000000
KBIGS07_26	281	0.00000000	0.99999998	0.00000002	0.00000000	0.00000000
KBIGS07_27	280	0.00000000	1.00000000	0.00000000	0.00000000	0.00000000
KBIGS07_28	280	0.00000000	1.00000000	0.00000000	0.00000000	0.00000000
KBIGS07_29	280	0.00000000	0.99999997	0.00000001	0.00000000	0.00000001
KBIGS07_30	280	0.00000000	1.00000000	0.00000000	0.00000000	0.00000000
KBIGS07_31	279	0.00000000	1.00000000	0.00000000	0.00000000	0.00000000
KBIGS07_32	281	0.00000000	1.00000000	0.00000000	0.00000000	0.00000000
KBIGS07_33	281	0.00000000	1.00000000	0.00000000	0.00000000	0.00000000
KBIGS07_34	281	0.00000000	1.00000000	0.00000000	0.00000000	0.00000000
KBIGS07_35	281	0.00000000	1.00000000	0.00000000	0.00000000	0.00000000
KBIGS07_36	280	0.00000000	1.00000000	0.00000000	0.00000000	0.00000000
KBIGS07_37	281	0.00000000	1.00000000	0.00000000	0.00000000	0.00000000
KBIGS07_38	280	0.00000000	1.00000000	0.00000000	0.00000000	0.00000000
KBIGS07_39	281	0.00000000	1.00000000	0.00000000	0.00000000	0.00000000
KBIGS07_40	281	0.00000000	1.00000000	0.00000000	0.00000000	0.00000000
KBIGS07_41	274	0.00000000	1.00000000	0.00000000	0.00000000	0.00000000
KBIGS07_42	280	0.00000000	1.00000000	0.00000000	0.00000000	0.00000000
KBIGS07_43	280	0.00000000	1.00000000	0.00000000	0.00000000	0.00000000
KBIGS07_44	279	0.00000000	1.00000000	0.00000000	0.00000000	0.00000000
KBIGS07_45	281	0.00000000	1.00000000	0.00000000	0.00000000	0.00000000
KBIGS07_46	281	0.00000000	1.00000000	0.00000000	0.00000000	0.00000000
KBIGS07_47	280	0.00000000	1.00000000	0.00000000	0.00000000	0.00000000
KBIGS07_48	280	0.00000000	1.00000000	0.00000000	0.00000000	0.00000000
KBIGS07_49	278	0.00000000	1.00000000	0.00000000	0.00000000	0.00000000
KBIGS07_50	279	0.00000000	1.00000000	0.00000000	0.00000000	0.00000000
KBIGS07_51	281	0.00000000	1.00000000	0.00000000	0.00000000	0.00000000
KBIGS07_52	275	0.00000000	1.00000000	0.00000000	0.00000000	0.00000000
KBIGS07_53	279	0.00000000	1.00000000	0.00000000	0.00000000	0.00000000
KBIGS07_54	281	0.00000000	1.00000000	0.00000000	0.00000000	0.00000000
KBIGS07_55	279	0.00000000	1.00000000	0.00000000	0.00000000	0.00000000
KBIGS07_56	281	0.00000000	1.00000000	0.00000000	0.00000000	0.00000000
KBIGS07_57	280	0.00000000	1.00000000	0.00000000	0.00000000	0.00000000
KBIGS07_58	280	0.00000000	1.00000000	0.00000000	0.00000000	0.00000000
KBIGS07_59	280	0.00000000	1.00000000	0.00000000	0.00000000	0.00000000
KBIGS07_60	280	0.00000000	1.00000000	0.00000000	0.00000000	0.00000000
KBIGS07_61	280	0.00000000	1.00000000	0.00000000	0.00000000	0.00000000
KBIGS07_62	280	0.00000000	0.99999993	0.00000007	0.00000000	0.00000000
KBIGS07_63	281	0.00000000	1.00000000	0.00000000	0.00000000	0.00000000
KBIGS07_64	281	0.00000000	1.00000000	0.00000000	0.00000000	0.00000000
KBIGS07_65	280	0.00000000	0.99999997	0.00000003	0.00000000	0.00000000
KBIGS07_66	280	0.00000000	1.00000000	0.00000000	0.00000000	0.00000000
KBIGS07_67	280	0.00000000	1.00000000	0.00000000	0.00000000	0.00000000
KBIGS07_68	281	0.00000000	1.00000000	0.00000000	0.00000000	0.00000000
KBIGS07_69	280	0.00000000	1.00000000	0.00000000	0.00000000	0.00000000
KBIGS07_70	281	0.00000000	0.99999998	0.00000002	0.00000000	0.00000000
KBIGS07_71	281	0.00000000	1.00000000	0.00000000	0.00000000	0.00000000
KEEK05_1	280	0.00005236	0.00000000	0.00000000	0.00018758	0.99976006
KEEK05_2	269	0.10176908	0.00000000	0.00000000	0.04509467	0.85313626
KEEK05_3	281	0.00829167	0.00000000	0.00000000	0.00032259	0.99138575
KEEK05_4	279	0.15846048	0.00000000	0.00000000	0.04473865	0.79680086
KEEK05_5	280	0.13060883	0.00000000	0.00000000	0.14742383	0.72196734
KEEK05_6	280	0.16074204	0.00000000	0.00000000	0.00638614	0.83287182
KEEK05_7	281	0.00002092	0.00000000	0.00000017	0.95416423	0.04581468
KEEK05_8	279	0.00049751	0.00000000	0.00000000	0.01583759	0.98366489
KEEK05_9	281	0.01945224	0.00000000	0.00000000	0.00117646	0.97937129
KEEK05_10	278	0.00021479	0.00000000	0.00000000	0.00055411	0.99923110
KEEK05_11	280	0.00033284	0.00000000	0.00000000	0.00539571	0.99427145
KEEK05_12	281	0.00007722	0.00000000	0.00000000	0.00012124	0.99980155
KEEK05_13	281	0.00062451	0.00000000	0.00000000	0.00020508	0.99917042
KEEK05_14	279	0.00196437	0.00000000	0.00000000	0.00650466	0.99153097
KEEK05_15	280	0.00008238	0.00000000	0.00000000	0.00004164	0.99987598
KEEK05_16	280	0.00084259	0.00000000	0.00000000	0.00560706	0.99355035
KEEK05_17	281	0.00123484	0.00000000	0.00000000	0.05417321	0.94459195
KEEK05_18	280	0.00005854	0.00000000	0.00000000	0.07253733	0.92740412
KEEK05_19	281	0.00000022	0.00000000	0.00000000	0.00189549	0.99810429
KEEK05_20	280	0.00057994	0.00000000	0.00000000	0.03960664	0.95981341
KEEK05_21	281	0.00031674	0.00000000	0.00000000	0.01200560	0.98767767
KEEK05_22	281	0.00723024	0.00000000	0.00000016	0.07500307	0.91776653
KEEK05_23	279	0.00030608	0.00000000	0.00000000	0.02308253	0.97661139
KEEK05_24	281	0.63240513	0.00000000	0.00000000	0.00052059	0.36707429
KEEK05_25	280	0.00000285	0.00000000	0.00000000	0.00480182	0.99519532
KEEK05_26	280	0.00030575	0.00000000	0.00000000	0.00592917	0.99376507
KEEK05_27	281	0.00928593	0.00000000	0.00000000	0.90052367	0.09019040
KEEK05_28	280	0.00000774	0.00000000	0.00000000	0.00031932	0.99967294
KEEK05_29	281	0.00033772	0.00000000	0.00000000	0.00938480	0.99027748
KEEK05_30	279	0.00003306	0.00000000	0.00000000	0.09822540	0.90174154
KEEK05_31	280	0.02408534	0.00000000	0.00000000	0.06757189	0.90834277
KEEK05_32	279	0.00262142	0.00000000	0.00000000	0.00209022	0.99528835
KEEK05_33	278	0.00032768	0.00000000	0.00000000	0.00399664	0.99567568
KEEK05_34	280	0.01835983	0.00000000	0.00000000	0.02047370	0.96116647
KEEK05_35	281	0.00001499	0.00000000	0.00000000	0.01644105	0.98354397
KEEK05_36	281	0.00024806	0.00000000	0.00000000	0.00093110	0.99882083
KEEK05_37	279	0.16936685	0.00000000	0.00000000	0.00276611	0.82786703
KEEK05_38	280	0.00179846	0.00000000	0.00000000	0.19878371	0.79941782
KEEK05_39	281	0.00115497	0.00000000	0.00000000	0.01914973	0.97969530
KEEK05_40	281	0.00000008	0.00000000	0.00000000	0.00010136	0.99989856
KEEK05_41	279	0.01661282	0.00000000	0.00000000	0.16122980	0.82215738
KEEK05_42	281	0.00000424	0.00000000	0.00000000	0.00009394	0.99990183
KEEK05_43	271	0.00003691	0.00000000	0.00000000	0.00319959	0.99676350
KEEK05_44	277	0.00002195	0.00000000	0.00000000	0.00025920	0.99971886
KEEK05_45	281	0.00008631	0.00000000	0.00000000	0.00050836	0.99940534
KEEK05_46	281	0.00205513	0.00000000	0.00000000	0.08346351	0.91448137
KEEK05_47	281	0.00000165	0.00000000	0.00000000	0.10592667	0.89407167
KEEK05_48	279	0.00205782	0.00000000	0.00000000	0.02687094	0.97107124
KEEK05_49	279	0.00014275	0.00000000	0.00000000	0.00004916	0.99980809
KEEK05_50	280	0.00121936	0.00000000	0.00000000	0.08089816	0.91788247
KEEK05_51	281	0.00026795	0.00000000	0.00000000	0.00011972	0.99961233
KEEK05_52	279	0.00145073	0.00000000	0.00000000	0.00003258	0.99851669
KEEK05_53	279	0.00004327	0.00000000	0.00000000	0.01093535	0.98902138
KEEK05_54	281	0.00391635	0.00000000	0.00000000	0.09518750	0.90089614
KEEK05_55	281	0.00230961	0.00000000	0.00000000	0.06449517	0.93319522
KEEK05_56	281	0.00837153	0.00000000	0.00000000	0.00622170	0.98540677
KEEK05_57	281	0.00003013	0.00000000	0.00000000	0.00022081	0.99974906
KEEK05_58	281	0.00003799	0.00000000	0.00000000	0.00008989	0.99987213
KEEK05_59	280	0.00133135	0.00000000	0.00000000	0.00154167	0.99712699
KEEK05_60	281	0.00182222	0.00000000	0.00000000	0.06357998	0.93459781
KEEK05_61	281	0.00448086	0.00000000	0.00000000	0.09051452	0.90500462
KEEK05_62	281	0.00021694	0.00000000	0.00000000	0.00012263	0.99966043
KEEK05_63	280	0.00043264	0.00000000	0.00000000	0.00495230	0.99461505
KEEK05_64	280	0.00205667	0.00000000	0.00000000	0.01849953	0.97944380
KEEK05_65	278	0.00005397	0.00000000	0.00000000	0.00265712	0.99728891
KEEK05_66	281	0.00000658	0.00000000	0.00000000	0.00062233	0.99937109
KEEK05_67	281	0.00010200	0.00000000	0.00000002	0.00141646	0.99848151
KEEK05_68	281	0.00005900	0.00000000	0.00000000	0.05725171	0.94268929
KEEK05_69	281	0.00099447	0.00000000	0.00000000	0.69526171	0.30374382
KEEK05_70	281	0.00053882	0.00000000	0.00000000	0.24840828	0.75105291
KEEK05_71	280	0.00023486	0.00000000	0.00000000	0.01809989	0.98166524
KEEK05_72	280	0.00020610	0.00000000	0.00000000	0.00009018	0.99970371
KEEK05_73	276	0.00000790	0.00000000	0.00000000	0.00008068	0.99991143
KEEK05_74	280	0.00413309	0.00000000	0.00000000	0.01130640	0.98456051
KEEK05_75	280	0.07031180	0.00000000	0.00000000	0.03891309	0.89077511
KEEK05_76	281	0.01413488	0.00000000	0.00000000	0.25511662	0.73074850
KGAGA06_1	280	0.00000712	0.00000000	0.00000000	0.02631738	0.97367550
KGAGA06_2	281	0.00010504	0.00000000	0.00000000	0.00361742	0.99627754
KGAGA06_3	281	0.00855363	0.00000000	0.00000000	0.01560424	0.97584213
KGAGA06_4	279	0.00001151	0.00000000	0.00000000	0.00962148	0.99036701
KGAGA06_5	280	0.00022772	0.00000000	0.00000000	0.00070349	0.99906879
KGAGA06_6	281	0.00040010	0.00000000	0.00000017	0.00085705	0.99874268
KGAGA06_7	280	0.00018447	0.00000000	0.00000000	0.00328343	0.99653211
KGAGA06_8	281	0.00010679	0.00000000	0.00000000	0.00635220	0.99354101
KGAGA06_9	281	0.00176857	0.00000000	0.00000000	0.28730741	0.71092402
KGAGA06_10	281	0.00199881	0.00000000	0.00000000	0.00154944	0.99645175
KGAGA06_11	281	0.00757796	0.00000000	0.00000000	0.00001971	0.99240233
KGAGA06_12	281	0.00385406	0.00000000	0.00000000	0.66679673	0.32934921
KGAGA06_13	280	0.00002250	0.00000000	0.00000000	0.00003755	0.99993995
KGAGA06_14	281	0.00231373	0.00000000	0.00000000	0.12446390	0.87322237
KGAGA06_15	281	0.00083428	0.00000000	0.00000000	0.01243525	0.98673047
KGAGA06_16	280	0.00059540	0.00000000	0.00000000	0.00010115	0.99930345
KGAGA06_17	280	0.00544948	0.00000000	0.00000000	0.00059078	0.99395974
KGAGA06_18	279	0.00001166	0.00000000	0.00000000	0.02945918	0.97052916
KGAGA06_19	281	0.00058458	0.00000000	0.00000000	0.23570236	0.76371306
KGAGA06_20	281	0.00023135	0.00000000	0.00000000	0.00009776	0.99967089
KGAGA06_21	281	0.00899812	0.00000000	0.00000000	0.66181586	0.32918602
KGAGA06_22	281	0.00000105	0.00000000	0.00000000	0.00008128	0.99991768
KGAGA06_23	281	0.00001366	0.00000000	0.00000000	0.01055630	0.98943004
KGAGA06_24	281	0.00046078	0.00000000	0.00000001	0.00017207	0.99936713
KGAGA06_25	280	0.00089364	0.00000000	0.00000000	0.00295671	0.99614964
KGAGA06_26	281	0.00002879	0.00000000	0.00000000	0.00466720	0.99530400
KGAGA06_27	281	0.00018688	0.00000000	0.00000000	0.00377058	0.99604254
KGAGA06_28	280	0.00168608	0.00000000	0.00000000	0.52618413	0.47212978
KGAGA06_29	280	0.00026205	0.00000000	0.00000105	0.08950110	0.91023580
KGAGA06_30	280	0.00036495	0.00000000	0.00000000	0.00026339	0.99937166
KGAGA06_31	281	0.00062547	0.00000000	0.00000000	0.00311684	0.99625769
KGAGA06_32	281	0.00012912	0.00000000	0.00000000	0.42326385	0.57660703
KGAGA06_33	279	0.00000287	0.00000000	0.00000000	0.00173155	0.99826558
KGAGA06_34	281	0.00013035	0.00000000	0.00000000	0.03909962	0.96077003
KGAGA06_35	280	0.00148088	0.00000000	0.00000000	0.00111413	0.99740500
KGAGA06_36	275	0.00001315	0.00000000	0.00000000	0.01506545	0.98492140
KGAGA06_37	281	0.00501717	0.00000000	0.00000000	0.96749030	0.02749253
KGAGA06_38	281	0.01858938	0.00000000	0.00000000	0.56124286	0.42016775
KGAGA06_39	281	0.00021290	0.00000000	0.00000000	0.00702663	0.99276047
KGAGA06_40	281	0.00083862	0.00000000	0.00000000	0.00726162	0.99189977
KGAGA06_41	269	0.00017548	0.00000000	0.00000000	0.00967757	0.99014696
KGAGA06_42	281	0.00000496	0.00000000	0.00000000	0.00037104	0.99962399
KGAGA06_43	281	0.00001305	0.00000000	0.00000000	0.00395469	0.99603226
KGAGA06_44	276	0.00014963	0.00000000	0.00000000	0.02941422	0.97043615
KGAGA06_45	280	0.00033877	0.00000000	0.00000000	0.08422590	0.91543533
KGAGA06_46	280	0.00004521	0.00000000	0.00000000	0.00551517	0.99443962
KGAGA06_47	281	0.00001703	0.00000000	0.00000000	0.00028637	0.99969661
KGAGA06_48	281	0.00062192	0.00000000	0.00000000	0.05329568	0.94608239
KGAGA06_49	281	0.00005329	0.00000000	0.00000000	0.04580069	0.95414601
KGAGA06_50	281	0.00000313	0.00000000	0.00000000	0.00010663	0.99989024
KGAGA06_51	280	0.00116125	0.00000000	0.00000000	0.00024174	0.99859700
KGAGA06_52	281	0.00000845	0.00000000	0.00000004	0.00025564	0.99973587
KGAGA06_53	281	0.00025687	0.00000000	0.00000000	0.00164884	0.99809429
KGAGA06_54	281	0.00002980	0.00000000	0.00000000	0.00006183	0.99990836
KGAGA06_55	281	0.00001714	0.00000000	0.00000000	0.00014466	0.99983820
KGAGA06_56	280	0.00007932	0.00000000	0.00000000	0.00032961	0.99959106
KGAGA06_57	280	0.00000457	0.00000000	0.00000000	0.01882965	0.98116578
KGAGA06_58	280	0.00000097	0.00000000	0.00000000	0.00523850	0.99476053
KGAGA06_59	273	0.00086061	0.00000000	0.00000000	0.02259520	0.97654419
KGAGA06_60	280	0.05026754	0.00000000	0.00000000	0.01138034	0.93835212
KGAGA06_61	281	0.00001208	0.00000000	0.00000000	0.00064196	0.99934596
KGAGA06_62	280	0.00398985	0.00000000	0.00000000	0.03202163	0.96398851
KGAGA06_63	280	0.00017088	0.00000000	0.00000000	0.00555233	0.99427678
KGAGA06_64	281	0.00033743	0.00000000	0.00000000	0.00048184	0.99918073
KGAGA06_65	281	0.00166057	0.00000000	0.00000004	0.11839548	0.87994391
KGAGA06_66	279	0.00006089	0.00000000	0.00000000	0.00045806	0.99948104
KGAGA06_67	276	0.00848140	0.00000000	0.00000000	0.00474859	0.98677001
KGAGA06_68	280	0.00000045	0.00000000	0.00000000	0.00009256	0.99990699
KGAGA06_69	281	0.00016071	0.00000000	0.00000000	0.00028758	0.99955172
KGAGA06_70	281	0.00242506	0.00000000	0.00000000	0.00572398	0.99185096
KGAGA06_71	281	0.00021006	0.00000000	0.00000000	0.00025826	0.99953168
KGAGA06_72	281	0.00003234	0.00000000	0.00000000	0.00673007	0.99323758
KGAGA06_73	279	0.00226004	0.00000000	0.00000000	0.03313629	0.96460367
KGAGA06_74	281	0.00000955	0.00000000	0.00000000	0.00001405	0.99997640
KGAGA06_75	278	0.00014615	0.00000000	0.00000000	0.00118858	0.99866526
KGAGA06_76	281	0.00001700	0.00000000	0.00000000	0.03657547	0.96340753
KGAGA06_77	281	0.00104026	0.00000000	0.00000000	0.00850750	0.99045223
KGAGA06_78	279	0.00003351	0.00000000	0.00000000	0.00052585	0.99944063
KGAGA06_79	280	0.00021064	0.00000000	0.00000000	0.01001077	0.98977858
KGAGA06_80	281	0.00116293	0.00000000	0.00000000	0.25596134	0.74287573
KGAGA06_81	281	0.00000131	0.00000000	0.00000000	0.00001541	0.99998329
KGAGA06_82	280	0.00023897	0.00000000	0.00000000	0.02145560	0.97830543
KGAGA06_83	279	0.00006903	0.00000000	0.00000000	0.00018157	0.99974940
KGAGA06_84	281	0.25844324	0.00000000	0.00334803	0.31768700	0.42052173
KGAGA06_85	281	0.00098462	0.00000000	0.00000000	0.00030335	0.99871203
KGAGA06_86	279	0.00015051	0.00000000	0.00000002	0.00952903	0.99032044
KGAGA06_87	281	0.01190466	0.00000000	0.00000000	0.18319505	0.80490029
KGAGA06_88	277	0.39804643	0.00000000	0.00000000	0.00000504	0.60194854
KGAGA06_89	281	0.00011202	0.00000000	0.00000000	0.00445068	0.99543730
KGAGA06_90	281	0.00009011	0.00000000	0.00000000	0.00025812	0.99965177
KGAGA06_91	281	0.10739772	0.00000000	0.00000000	0.00001108	0.89259120
KGAGA06_92	280	0.00008979	0.00000000	0.00000000	0.00018416	0.99972604
KGAGA06_93	281	0.00170135	0.00000000	0.00000000	0.00113641	0.99716224
KGAGA06_94	281	0.00000063	0.00000000	0.00000033	0.01667429	0.98332476
KGEOR05_1	281	0.00010443	0.00000000	0.00000000	0.03222485	0.96767072
KGEOR05_2	281	0.00000957	0.00000000	0.00000000	0.00001060	0.99997983
KGEOR05_3	281	0.00176784	0.00000000	0.00000000	0.03907379	0.95915837
KGEOR05_4	281	0.40189313	0.00000000	0.00000000	0.01089988	0.58720699
KGEOR05_5	280	0.00030346	0.00000000	0.00000000	0.00404016	0.99565638
KGEOR05_6	281	0.00000522	0.00000000	0.00000000	0.00736988	0.99262490
KGEOR05_7	280	0.00000545	0.00000000	0.00000000	0.00737294	0.99262161
KGEOR05_8	281	0.00006076	0.00000000	0.00000000	0.00485439	0.99508485
KGEOR05_9	280	0.00027214	0.00000000	0.00000000	0.00074672	0.99898113
KGEOR05_10	281	0.00000242	0.00000000	0.00000000	0.00004832	0.99994927
KGEOR05_11	281	0.00018255	0.00000000	0.00000001	0.01113719	0.98868025
KGEOR05_12	278	0.00000151	0.00000000	0.00000000	0.00031162	0.99968688
KGEOR05_13	281	0.00042857	0.00000000	0.00000000	0.01428481	0.98528662
KGEOR05_14	281	0.00011565	0.00000000	0.00000000	0.00083148	0.99905287
KGEOR05_15	281	0.01242662	0.00000000	0.00000000	0.00040997	0.98716342
KGEOR05_16	280	0.00175712	0.00000000	0.00000000	0.01877499	0.97946789
KGEOR05_17	278	0.00010769	0.00000000	0.00000000	0.00019575	0.99969655
KGEOR05_18	281	0.00013809	0.00000000	0.00000000	0.00144220	0.99841971
KGEOR05_19	280	0.00000392	0.00000000	0.00000000	0.00001620	0.99997988
KGEOR05_20	280	0.00000773	0.00000000	0.00000000	0.00065993	0.99933235
KGEOR05_21	280	0.00017659	0.00000000	0.00000000	0.00141941	0.99840400
KGEOR05_22	281	0.00092061	0.00000000	0.00000000	0.00004563	0.99903376
KGEOR05_23	280	0.00012303	0.00000000	0.00000000	0.38940032	0.61047665
KGEOR05_24	281	0.00002653	0.00000000	0.00000000	0.00000038	0.99997309
KGEOR05_25	281	0.00002127	0.00000000	0.00000000	0.00136854	0.99861019
KGEOR05_26	281	0.00806682	0.00000000	0.00000000	0.01488058	0.97705259
KGEOR05_27	280	0.00008012	0.00000000	0.00000000	0.01459891	0.98532098
KGEOR05_28	281	0.00130945	0.00000000	0.00000000	0.05883700	0.93985354
KGEOR05_29	281	0.00007119	0.00000000	0.00000000	0.00026321	0.99966561
KGEOR05_30	278	0.00003517	0.00000000	0.00000000	0.04049467	0.95947016
KGEOR05_31	281	0.00669986	0.00000000	0.00000000	0.01599209	0.97730805
KGEOR05_32	280	0.00001992	0.00000000	0.00000000	0.00006955	0.99991053
KGEOR05_33	273	0.06898331	0.00000000	0.00000000	0.00024938	0.93076731
KGEOR05_34	281	0.00021642	0.00000000	0.00000000	0.00300891	0.99677467
KGEOR05_35	281	0.00372756	0.00000000	0.00000000	0.01015845	0.98611398
KGEOR05_36	281	0.00006030	0.00000000	0.00000000	0.17923713	0.82070256
KGEOR05_37	280	0.00021098	0.00000000	0.00000000	0.01871040	0.98107862
KGEOR05_38	280	0.00039008	0.00000000	0.00000000	0.00036668	0.99924324
KGEOR05_39	281	0.00180251	0.00000000	0.00000000	0.00145090	0.99674659
KGEOR05_40	281	0.00003560	0.00000000	0.00000000	0.00218146	0.99778294
KGEOR05_41	276	0.00021103	0.00000000	0.00000000	0.00045379	0.99933518
KGEOR05_42	281	0.00005694	0.00000000	0.00000000	0.93669528	0.06324778
KGEOR05_43	281	0.00375452	0.00000000	0.00000000	0.00028513	0.99596036
KGEOR05_44	281	0.00000198	0.00000000	0.00000000	0.00004362	0.99995440
KGEOR05_45	280	0.00001152	0.00000000	0.00000000	0.00014979	0.99983869
KGEOR05_46	276	0.00766905	0.00000000	0.00000000	0.00880996	0.98352099
KGEOR05_47	281	0.00003471	0.00000000	0.00000000	0.00314802	0.99681727
KGEOR05_48	279	0.00018619	0.00000000	0.00000000	0.03031193	0.96950188
KGEOR05_49	281	0.55708369	0.00000000	0.00000000	0.01141297	0.43150334
KGEOR05_50	281	0.00125797	0.00000000	0.00000000	0.02281361	0.97592842
KGEOR05_51	280	0.00024363	0.00000000	0.00000000	0.00001658	0.99973979
KGEOR05_52	277	0.00000083	0.00000000	0.00000000	0.00005498	0.99994419
KGEOR05_53	280	0.00018553	0.00000000	0.00000000	0.00066404	0.99915042
KGEOR05_54	280	0.00053770	0.00000000	0.00000001	0.00449700	0.99496529
KGEOR05_55	279	0.00000414	0.00000000	0.00000000	0.00046117	0.99953469
KGEOR05_56	280	0.00023232	0.00000000	0.00000000	0.00644403	0.99332364
KGEOR05_57	280	0.00000756	0.00000000	0.00000000	0.04622922	0.95376322
KGEOR05_58	279	0.00026720	0.00000000	0.00000000	0.00104669	0.99868611
KGEOR05_59	279	0.00010008	0.00000000	0.00000000	0.01552400	0.98437592
KGEOR05_60	280	0.00022277	0.00000000	0.00000000	0.00004062	0.99973662
KGEOR05_61	280	0.22511630	0.00000000	0.00000000	0.00061474	0.77426895
KGEOR05_62	281	0.00001357	0.00000000	0.00000000	0.00009730	0.99988913
KGEOR05_63	280	0.00005147	0.00000000	0.00000000	0.00054867	0.99939986
KGEOR05_64	281	0.00003480	0.00000000	0.00000000	0.01040627	0.98955893
KGEOR05_65	279	0.00000084	0.00000000	0.00000000	0.00000146	0.99999770
KGEOR05_66	280	0.00011599	0.00000000	0.00000000	0.00008435	0.99979967
KGEOR05_67	280	0.00053338	0.00000000	0.00000000	0.00057035	0.99889626
KGEOR05_68	279	0.00104723	0.00000000	0.00000000	0.00027819	0.99867459
KGEOR05_69	279	0.00001849	0.00000000	0.00000000	0.00076746	0.99921404
KGEOR05_70	281	0.15414810	0.00000000	0.00000000	0.00041636	0.84543554
