## reporting unit PofZ values from gsi_sim.  These are plug-in values of type indicated by the file name
IndivName	LocNum	Norton	Upper_Yukon	Middle_Yukon	Lower_Yukon	Bristol_Bay_Kusk
KANDR03_1	280	0.00000477	0.00000000	0.00000000	0.98047898	0.01951625
KANDR03_2	281	0.00008713	0.00000000	0.00000000	0.94384762	0.05606526
KANDR03_3	280	0.00494852	0.00000000	0.00000000	0.34850368	0.64654780
KANDR03_4	281	0.00000219	0.00000000	0.00000000	0.99888822	0.00110960
KANDR03_5	281	0.00000305	0.00000000	0.00000000	0.99985815	0.00013880
KANDR03_6	280	0.00022266	0.00000000	0.00000000	0.89902631	0.10075103
KANDR03_7	280	0.00005809	0.00000000	0.00000000	0.03058672	0.96935519
KANDR03_8	281	0.00005961	0.00000000	0.00000000	0.94045596	0.05948443
KANDR03_9	281	0.00016638	0.00000000	0.00000000	0.95283306	0.04700056
KANDR03_10	281	0.00001077	0.00000000	0.00000000	0.99349992	0.00648930
KANDR03_11	280	0.00003631	0.00000000	0.00000000	0.88045408	0.11950961
KANDR03_12	281	0.00000368	0.00000000	0.00000000	0.96586823	0.03412809
KANDR03_13	281	0.18025343	0.00000000	0.00000000	0.61048180	0.20926477
KANDR03_14	281	0.00008837	0.00000000	0.00000000	0.94019076	0.05972087
KANDR03_15	280	0.00540394	0.00000000	0.00000000	0.02828747	0.96630859
KANDR03_16	280	0.00008539	0.00000000	0.00000054	0.93040274	0.06951133
KANDR03_17	281	0.00022865	0.00000000	0.00000000	0.39283880	0.60693254
KANDR03_18	281	0.00004391	0.00000000	0.00000008	0.54151544	0.45844056
KANDR03_19	281	0.00000219	0.00000000	0.00000000	0.99888822	0.00110960
KANDR03_20	281	0.00202996	0.00000000	0.00000000	0.90498735	0.09298269
KANDR03_21	280	0.00826598	0.00000000	0.00000000	0.87975957	0.11197445
KANDR03_22	280	0.00007904	0.00000000	0.00000000	0.03480277	0.96511819
KANDR03_23	279	0.00000321	0.00000000	0.00000000	0.84529161	0.15470517
KANDR03_24	281	0.00414328	0.00000000	0.00000000	0.54081761	0.45503910
KANDR03_25	281	0.00003007	0.00000000	0.00000000	0.92251398	0.07745595
KANDR03_26	280	0.01311572	0.00000000	0.00000000	0.14439906	0.84248522
KANDR03_27	279	0.00085775	0.00000000	0.00000000	0.93071854	0.06842371
KANDR03_28	279	0.00218313	0.00000000	0.00000000	0.73296661	0.26485026
KANDR03_29	278	0.01269618	0.00000000	0.00000000	0.05768790	0.92961592
KANDR03_30	281	0.00110217	0.00000000	0.00000000	0.95074621	0.04815162
KANDR03_31	281	0.00002602	0.00000000	0.00000000	0.99713868	0.00283530
KANDR03_32	278	0.00076753	0.00000000	0.00000000	0.51579313	0.48343934
KANDR03_33	270	0.00062300	0.00000000	0.00000000	0.61805044	0.38132656
KANDR03_34	277	0.00000540	0.00000000	0.00000000	0.99384497	0.00614963
KANDR03_35	280	0.00009846	0.00000000	0.00000000	0.89653584	0.10336571
KANDR03_36	281	0.00528885	0.00000000	0.00000000	0.96166749	0.03304366
KANDR03_37	274	0.00001958	0.00000000	0.00077255	0.97183843	0.02736945
KANDR03_38	281	0.00041076	0.00000000	0.00000008	0.80770633	0.19188283
KANDR03_39	281	0.00001159	0.00000000	0.00000000	0.98463458	0.01535383
KANDR03_40	281	0.00199912	0.00000000	0.00000000	0.94664089	0.05135999
KANDR03_41	280	0.44162525	0.00000000	0.00000000	0.52873440	0.02964036
KANDR03_42	280	0.00062293	0.00000000	0.00000000	0.96609551	0.03328155
KANDR03_43	280	0.11807086	0.00000000	0.00000000	0.85082477	0.03110437
KANDR03_44	280	0.00003600	0.00000000	0.00000000	0.98672023	0.01324377
KANDR03_45	279	0.00002897	0.00000000	0.00000000	0.93479058	0.06518045
KANDR03_46	278	0.00000933	0.00000000	0.00000000	0.96106950	0.03892117
KANDR03_47	279	0.26830621	0.00000000	0.00000000	0.70827226	0.02342153
KANDR03_48	280	0.00006317	0.00000000	0.00000000	0.69810903	0.30182780
KANDR03_49	281	0.00005218	0.00000000	0.00000000	0.98948301	0.01046480
KANDR03_50	281	0.00328174	0.00000000	0.00000000	0.67146476	0.32525350
KANDR03_51	281	0.00004733	0.00000000	0.00000000	0.45697066	0.54298201
KANDR03_52	280	0.00805848	0.00000000	0.00000000	0.60999113	0.38195038
KANDR03_53	279	0.00016186	0.00000000	0.00000000	0.57858972	0.42124842
KANDR03_54	280	0.00020768	0.00000000	0.00000000	0.99703859	0.00275374
KANDR03_55	276	0.00011984	0.00000000	0.00000000	0.99387893	0.00600123
KANDR03_56	281	0.00000483	0.00000000	0.00000000	0.07874838	0.92124679
KANDR03_57	280	0.00000751	0.00000000	0.00000001	0.99448510	0.00550738
KANDR03_58	280	0.00154658	0.00000000	0.00000000	0.59493855	0.40351488
KANDR03_59	281	0.00009088	0.00000000	0.00000000	0.99924059	0.00066853
KANDR03_60	281	0.68545182	0.00000000	0.00000000	0.11700649	0.19754169
KANDR03_61	281	0.00003406	0.00000000	0.00000000	0.99891942	0.00104651
KANDR03_62	279	0.00000212	0.00000000	0.00000000	0.98763027	0.01236761
KANDR03_63	281	0.00000043	0.00000000	0.00000000	0.99888484	0.00111473
KANDR03_64	281	0.00000528	0.00000000	0.00000000	0.99619900	0.00379572
KANDR03_65	279	0.00155835	0.00000000	0.00000000	0.57967396	0.41876769
KANDR03_66	281	0.00019463	0.00000000	0.00000000	0.92140339	0.07840198
KANDR03_67	281	0.00038932	0.00000000	0.00000000	0.27528322	0.72432746
KANDR03_68	281	0.00005799	0.00000000	0.00000000	0.98821434	0.01172767
KANDR03_69	281	0.00003044	0.00000000	0.00000000	0.84516557	0.15480400
KANDR03_70	281	0.00019257	0.00000000	0.00000317	0.82284445	0.17695981
KANDR03_71	280	0.00007374	0.00000000	0.00000000	0.12259545	0.87733081
KANDR03_72	281	0.00010801	0.00000000	0.00000000	0.17764769	0.82224430
KANDR03_73	281	0.00216896	0.00000000	0.00000000	0.50071239	0.49711865
KANDR03_74	281	0.00000285	0.00000000	0.00000000	0.99820438	0.00179277
KANDR03_75	281	0.00046328	0.00000000	0.00000001	0.98991150	0.00962521
KANDR03_76	281	0.00137671	0.00000000	0.00000001	0.89015513	0.10846815
KANDR03_77	281	0.00000189	0.00000000	0.00000000	0.99749230	0.00250580
KANDR03_78	280	0.04782527	0.00000000	0.00000000	0.49247363	0.45970110
KANDR03_79	281	0.00076274	0.00000000	0.00000000	0.98693221	0.01230505
KANDR03_80	281	0.00020201	0.00000000	0.00000000	0.90239745	0.09740054
KANDR03_81	281	0.00397205	0.00000000	0.00000000	0.96882329	0.02720466
KANDR03_82	280	0.00650295	0.00000000	0.00000000	0.12111593	0.87238113
KANDR03_83	280	0.00017239	0.00000000	0.00000000	0.97839843	0.02142918
KANDR03_84	281	0.00021655	0.00000000	0.00000000	0.65646810	0.34331534
KANDR03_85	281	0.00012849	0.00000000	0.00000000	0.95751912	0.04235238
KANDR03_86	279	0.00000589	0.00000000	0.00000000	0.97806557	0.02192854
KANDR03_87	280	0.00388072	0.00000000	0.00000000	0.88018646	0.11593281
KANDR03_88	278	0.00037066	0.00000000	0.00000000	0.16109792	0.83853141
KANDR03_89	281	0.00001088	0.00000000	0.00000000	0.91040369	0.08958543
KANDR03_90	278	0.00004705	0.00000000	0.00000000	0.96795235	0.03200059
KANVI07_1	280	0.00001823	0.00000000	0.00000000	0.32468952	0.67529225
KANVI07_2	281	0.00671794	0.00000000	0.00002292	0.68211033	0.31114881
KANVI07_3	280	0.00023091	0.00000000	0.00000000	0.88569020	0.11407889
KANVI07_4	279	0.00004845	0.00000000	0.00000021	0.99983596	0.00011538
KANVI07_5	281	0.00001132	0.00000000	0.00000000	0.89505929	0.10492939
KANVI07_6	281	0.00000023	0.00000000	0.00000000	0.99993801	0.00006176
KANVI07_7	280	0.00006747	0.00000000	0.00000000	0.99950404	0.00042849
KANVI07_8	280	0.01322724	0.00000000	0.00000020	0.93219925	0.05457331
KANVI07_9	281	0.00010448	0.00000000	0.00000000	0.92400448	0.07589103
KANVI07_10	280	0.00000004	0.00000000	0.00000000	0.99999975	0.00000021
KANVI07_11	280	0.00055740	0.00000000	0.00000000	0.71654381	0.28289880
KANVI07_12	279	0.09172307	0.00000000	0.00000000	0.85856443	0.04971250
KANVI07_13	271	0.00076256	0.00000000	0.00000000	0.99893228	0.00030515
KANVI07_14	281	0.00000692	0.00000000	0.00000000	0.42451855	0.57547453
KANVI07_15	278	0.00000900	0.00000000	0.00000000	0.97345189	0.02653911
KANVI07_16	274	0.00019401	0.00000000	0.00000000	0.98178567	0.01802032
KANVI07_17	281	0.00494018	0.00000000	0.00000000	0.01083115	0.98422867
KANVI07_18	281	0.00018676	0.00000000	0.00000100	0.85785916	0.14195309
KANVI07_19	281	0.00000014	0.00000000	0.00000000	0.99999163	0.00000822
KANVI07_20	281	0.00004000	0.00000000	0.00000000	0.99717800	0.00278201
KANVI07_21	281	0.00001208	0.00000000	0.00000000	0.99389854	0.00608938
KANVI07_22	281	0.00000927	0.00000000	0.00000000	0.99163744	0.00835329
KANVI07_23	279	0.00000000	1.00000000	0.00000000	0.00000000	0.00000000
KANVI07_24	281	0.00000023	0.00000000	0.00000000	0.99993801	0.00006176
KANVI07_25	281	0.00003523	0.00000000	0.00000000	0.98784967	0.01211510
KANVI07_26	281	0.00000053	0.00000000	0.00000000	0.99997774	0.00002172
KANVI07_27	281	0.00000736	0.00000000	0.00000000	0.99670506	0.00328758
KANVI07_28	277	0.00000012	0.98633370	0.00945269	0.00421334	0.00000016
KANVI07_29	281	0.00017516	0.00000000	0.00000000	0.90225677	0.09756807
KANVI07_30	281	0.08681488	0.00000000	0.00000000	0.88662789	0.02655723
KANVI07_31	275	0.00000007	0.00000000	0.00000000	0.99999765	0.00000228
KANVI07_32	280	0.00000064	0.00000000	0.00000000	0.99975264	0.00024672
KANVI07_33	281	0.00005073	0.00000000	0.00000000	0.82241242	0.17753685
KANVI07_34	279	0.00016723	0.00000000	0.00000000	0.83460442	0.16522835
KANVI07_35	280	0.00533724	0.00000000	0.00000000	0.92883282	0.06582993
KANVI07_36	280	0.00000007	0.00000000	0.00000000	0.99999480	0.00000513
KANVI07_37	278	0.00079089	0.00000000	0.00000000	0.94733485	0.05187426
KANVI07_38	281	0.00000043	0.00000000	0.00000000	0.99989710	0.00010247
KANVI07_39	278	0.00221310	0.00000000	0.00000000	0.90687817	0.09090873
KANVI07_40	277	0.00000000	1.00000000	0.00000000	0.00000000	0.00000000
KANVI07_41	278	0.00023981	0.00000000	0.00000000	0.98127019	0.01849000
KANVI07_42	273	0.00034455	0.00000000	0.00000000	0.99816692	0.00148853
KANVI07_43	279	0.00278134	0.00000000	0.00000000	0.33007559	0.66714306
KANVI07_44	280	0.00145339	0.00000000	0.00000021	0.99317705	0.00536936
KANVI07_45	276	0.04950331	0.00000000	0.00000000	0.85926409	0.09123259
KANVI07_46	278	0.00789275	0.00000000	0.00000000	0.76918969	0.22291756
KANVI07_47	280	0.00004841	0.00000000	0.00000000	0.76250283	0.23744876
KANVI07_48	281	0.00000090	0.00000000	0.00000000	0.99989954	0.00009956
KANVI07_49	280	0.00000942	0.00000000	0.00000000	0.98143893	0.01855165
KANVI07_50	280	0.00000002	0.00000000	0.00000000	0.99996293	0.00003705
KANVI07_51	278	0.16059785	0.00000000	0.00000000	0.80758238	0.03181977
KANVI07_52	279	0.00000001	0.00000000	0.00000000	0.99999698	0.00000301
KAROL05_1	281	0.00004703	0.00000000	0.00000000	0.00011297	0.99984000
KAROL05_2	281	0.00004868	0.00000000	0.00000000	0.00693443	0.99301689
KAROL05_3	281	0.00113504	0.00000000	0.00000000	0.00701500	0.99184996
KAROL05_4	280	0.00072975	0.00000000	0.00000000	0.00024154	0.99902871
KAROL05_5	281	0.01178041	0.00000000	0.00000000	0.00107325	0.98714634
KAROL05_6	280	0.01259538	0.00000000	0.00000000	0.01282001	0.97458462
KAROL05_7	280	0.00013430	0.00000000	0.00000000	0.00136268	0.99850302
KAROL05_8	279	0.00716852	0.00000000	0.00000000	0.00330727	0.98952420
KAROL05_9	281	0.00006088	0.00000000	0.00000000	0.00223973	0.99769939
KAROL05_10	281	0.00004554	0.00000000	0.00000000	0.00199128	0.99796318
KAROL05_11	281	0.00011102	0.00000000	0.00000000	0.00019930	0.99968968
KAROL05_12	281	0.00027399	0.00000000	0.00000000	0.00096924	0.99875677
KAROL05_13	280	0.58753857	0.00000000	0.00000000	0.00002318	0.41243825
KAROL05_14	281	0.00028445	0.00000000	0.00000000	0.00353055	0.99618499
KAROL05_15	281	0.00396282	0.00000000	0.00000000	0.00000323	0.99603395
KAROL05_16	279	0.00004981	0.00000000	0.00000000	0.00001593	0.99993426
KAROL05_17	279	0.00035244	0.00000000	0.00000000	0.04918813	0.95045943
KAROL05_18	280	0.00000802	0.00000000	0.00000000	0.00034096	0.99965102
KAROL05_19	281	0.00000136	0.00000000	0.00000000	0.00144501	0.99855363
KAROL05_20	281	0.02097237	0.00000017	0.01026688	0.03721096	0.93154963
KAROL05_21	280	0.00482042	0.00000000	0.00000000	0.03103477	0.96414481
KAROL05_22	281	0.00019848	0.00000000	0.00000000	0.00050369	0.99929783
KAROL05_23	281	0.00003347	0.00000000	0.00000000	0.00006199	0.99990454
KAROL05_24	281	0.00226028	0.00000000	0.00000000	0.00271477	0.99502495
KAROL05_25	281	0.00018661	0.00000000	0.00000000	0.00238834	0.99742504
KAROL05_26	280	0.01442715	0.00000000	0.00000000	0.00167508	0.98389777
KAROL05_27	281	0.00018493	0.00000000	0.00000000	0.00667861	0.99313646
KAROL05_28	280	0.00009713	0.00000000	0.00000000	0.00000858	0.99989428
KAROL05_29	281	0.00002830	0.00000000	0.00000000	0.00002142	0.99995028
KAROL05_30	281	0.01778307	0.00000000	0.00000002	0.00939086	0.97282605
KAROL05_31	281	0.00154903	0.00000000	0.00000000	0.13612350	0.86232747
KAROL05_32	280	0.00059630	0.00000000	0.00000000	0.00051749	0.99888620
KAROL05_33	280	0.00635653	0.00000000	0.00000000	0.01252543	0.98111804
KAROL05_34	281	0.00040940	0.00000000	0.00000000	0.00077137	0.99881923
KAROL05_35	280	0.00001930	0.00000000	0.00000000	0.85119287	0.14878783
KAROL05_36	279	0.13638781	0.00000000	0.00001131	0.05838416	0.80521673
KAROL05_37	281	0.00089326	0.00000000	0.00000000	0.00081683	0.99828991
KAROL05_38	281	0.00003135	0.00000000	0.00000000	0.00308263	0.99688602
KAROL05_39	280	0.00030101	0.00000000	0.00000000	0.00122139	0.99847761
KAROL05_40	279	0.00040058	0.00000000	0.00000000	0.01310159	0.98649783
KAROL05_41	279	0.00120060	0.00000000	0.00000000	0.00990382	0.98889558
KAROL05_42	281	0.00580742	0.00000000	0.00000000	0.20591108	0.78828150
KAROL05_43	281	0.01013253	0.00000000	0.00000000	0.00461281	0.98525466
KAROL05_44	279	0.00044336	0.00000000	0.00000000	0.03287258	0.96668405
KAROL05_45	281	0.00160769	0.00000000	0.00000000	0.03637772	0.96201459
KAROL05_46	280	0.00000532	0.00000000	0.00000000	0.00194530	0.99804938
KAROL05_47	279	0.00010002	0.00000000	0.00000000	0.00108073	0.99881925
KAROL05_48	281	0.00000005	0.00000000	0.00000000	0.00000509	0.99999485
KAROL05_49	281	0.02854101	0.00000000	0.00000000	0.00016553	0.97129345
KAROL05_50	281	0.00000021	0.00000000	0.00000000	0.00003232	0.99996747
KAROL05_51	281	0.00010744	0.00000000	0.00000000	0.00020707	0.99968549
KAROL05_52	281	0.00002740	0.00000000	0.00000000	0.00007008	0.99990252
KBIGCK04_1	281	0.01202243	0.00000000	0.00000000	0.00266185	0.98531572
KBIGCK04_2	280	0.02427241	0.00000000	0.00000000	0.00142316	0.97430443
KBIGCK04_3	281	0.00086349	0.00000000	0.00000000	0.00000006	0.99913646
KBIGCK04_4	281	0.00017594	0.00000000	0.00000000	0.11682402	0.88300003
KBIGCK04_5	281	0.00001458	0.00000000	0.00000000	0.00016530	0.99982012
KBIGCK04_6	281	0.01717865	0.00000000	0.00000001	0.00857666	0.97424468
KBIGCK04_7	281	0.00003138	0.00000000	0.00000000	0.03030081	0.96966781
KBIGCK04_8	279	0.00001663	0.00000000	0.00000000	0.00003329	0.99995008
KBIGCK04_9	280	0.00001847	0.00000000	0.00000053	0.45012859	0.54985240
KBIGCK04_10	281	0.00011841	0.00000000	0.00000000	0.01072762	0.98915398
KBIGCK04_11	278	0.00000039	0.00000000	0.00000000	0.00003673	0.99996288
KBIGCK04_12	281	0.00016255	0.00000000	0.00000000	0.00507923	0.99475821
KBIGCK04_13	281	0.00019300	0.00000000	0.00000000	0.00072640	0.99908060
KBIGCK04_14	281	0.00000809	0.00000000	0.00000000	0.00000431	0.99998760
KBIGCK04_15	281	0.00004492	0.00000000	0.00000000	0.00751822	0.99243686
KBIGCK04_16	280	0.00122411	0.00000000	0.00000000	0.00159884	0.99717705
KBIGCK04_17	280	0.00001826	0.00000000	0.00000000	0.00152674	0.99845500
KBIGCK04_18	281	0.00003177	0.00000000	0.00000000	0.00008393	0.99988430
KBIGCK04_19	280	0.00257803	0.00000000	0.00000000	0.00003554	0.99738644
KBIGCK04_20	281	0.00105445	0.00000000	0.00000000	0.00075892	0.99818663
KBIGCK04_21	280	0.00330082	0.00000000	0.00000000	0.00178666	0.99491252
KBIGCK04_22	280	0.00257204	0.00000000	0.00000000	0.77626878	0.22115918
KBIGCK04_23	281	0.00228835	0.00000000	0.00000000	0.00050074	0.99721091
KBIGCK04_24	279	0.01050365	0.00000000	0.00000000	0.00029521	0.98920114
KBIGCK04_25	281	0.00043703	0.00000000	0.00000016	0.00129067	0.99827213
KBIGCK04_26	280	0.00003655	0.00000000	0.00000000	0.00035929	0.99960416
KBIGCK04_27	279	0.00017051	0.00000000	0.00000000	0.00003684	0.99979265
KBIGCK04_28	281	0.15932294	0.00000000	0.00000000	0.00108549	0.83959157
KBIGCK04_29	281	0.00003206	0.00000000	0.00000000	0.00000904	0.99995889
KBIGCK04_30	280	0.00000161	0.00000000	0.00000000	0.00015108	0.99984730
KBIGCK04_31	280	0.00038740	0.00000000	0.00000000	0.00010052	0.99951207
KBIGCK04_32	275	0.01359336	0.00000000	0.00000000	0.07413401	0.91227262
KBIGCK04_33	280	0.00037194	0.00000000	0.00000000	0.00024685	0.99938121
KBIGCK04_34	279	0.00097112	0.00000000	0.00000000	0.05026122	0.94876766
KBIGCK04_35	281	0.00000336	0.00000000	0.00000000	0.00000841	0.99998824
KBIGCK04_36	280	0.00111750	0.00000000	0.00000000	0.00000507	0.99887743
KBIGCK04_37	281	0.00002001	0.00000000	0.00000000	0.05997685	0.94000314
KBIGCK04_38	281	0.00397201	0.00000000	0.00000000	0.01311917	0.98290882
KBIGCK04_39	280	0.00000033	0.00000000	0.00000000	0.00000670	0.99999297
KBIGCK04_40	280	0.00006172	0.00000000	0.00000000	0.00000573	0.99993255
KBIGCK04_41	281	0.00022249	0.00000000	0.00000000	0.00000709	0.99977042
KBIGCK04_42	281	0.00002975	0.00000000	0.00000000	0.01683317	0.98313708
KBIGCK04_43	280	0.00000030	0.00000000	0.00000000	0.00000981	0.99998989
KBIGCK04_44	280	0.00000207	0.00000000	0.00000000	0.00004139	0.99995655
KBIGCK04_45	275	0.00722902	0.00000000	0.00000000	0.00015966	0.99261133
KBIGCK04_46	275	0.00160966	0.00000000	0.00000000	0.00723645	0.99115389
KBIGCK04_47	280	0.00009332	0.00000000	0.00000000	0.00000126	0.99990542
KBIGCK04_48	279	0.00032256	0.00000000	0.00000000	0.00274058	0.99693686
KBIGCK04_49	279	0.00000476	0.00000000	0.00000000	0.00001634	0.99997891
KBIGCK04_50	278	0.00081288	0.00000000	0.00000000	0.00188313	0.99730399
KBIGCK04_51	274	0.00144080	0.00000000	0.00000000	0.00043053	0.99812868
KBIGCK04_52	280	0.00704669	0.00000000	0.00000000	0.01251910	0.98043421
KBIGCK04_53	280	0.00704800	0.00000000	0.00000000	0.00663482	0.98631718
KBIGCK04_54	281	0.00001815	0.00000000	0.00000000	0.00002159	0.99996027
KBIGCK04_55	276	0.00054342	0.00000000	0.00000000	0.00028094	0.99917564
KBIGCK04_56	281	0.00000055	0.00000000	0.00000000	0.00000184	0.99999761
KBIGCK04_57	281	0.00095661	0.00000000	0.00000000	0.00010916	0.99893423
KBIGCK04_58	280	0.00001817	0.00000000	0.00000000	0.00055658	0.99942525
KBIGCK04_59	275	0.01818727	0.00000000	0.00000000	0.00022960	0.98158312
KBIGCK04_60	281	0.00000077	0.00000000	0.00000000	0.00000007	0.99999916
KBIGCK04_61	279	0.00000039	0.00000000	0.00000000	0.00000707	0.99999254
KBIGCK04_62	281	0.00000038	0.00000000	0.00000000	0.00004009	0.99995953
KBIGCK04_63	277	0.00002706	0.00000000	0.00000000	0.00002687	0.99994608
KBIGCK04_64	281	0.00049379	0.00000000	0.00000000	0.11582952	0.88367669
KBIGCK04_65	281	0.00002018	0.00000000	0.00000000	0.00694301	0.99303680
KBIGS07_1	278	0.00000000	1.00000000	0.00000000	0.00000000	0.00000000
KBIGS07_2	281	0.00000000	1.00000000	0.00000000	0.00000000	0.00000000
KBIGS07_3	280	0.00000000	1.00000000	0.00000000	0.00000000	0.00000000
KBIGS07_4	280	0.00000000	1.00000000	0.00000000	0.00000000	0.00000000
KBIGS07_5	280	0.00000000	1.00000000	0.00000000	0.00000000	0.00000000
KBIGS07_6	281	0.00000000	1.00000000	0.00000000	0.00000000	0.00000000
KBIGS07_7	281	0.00000000	1.00000000	0.00000000	0.00000000	0.00000000
KBIGS07_8	281	0.00000000	1.00000000	0.00000000	0.00000000	0.00000000
KBIGS07_9	280	0.00000000	1.00000000	0.00000000	0.00000000	0.00000000
KBIGS07_10	281	0.00000000	1.00000000	0.00000000	0.00000000	0.00000000
KBIGS07_11	281	0.00000000	1.00000000	0.00000000	0.00000000	0.00000000
KBIGS07_12	281	0.00000000	1.00000000	0.00000000	0.00000000	0.00000000
KBIGS07_13	279	0.00000000	1.00000000	0.00000000	0.00000000	0.00000000
KBIGS07_14	279	0.00000000	1.00000000	0.00000000	0.00000000	0.00000000
KBIGS07_15	279	0.00000000	0.99999972	0.00000028	0.00000000	0.00000000
KBIGS07_16	281	0.00000000	0.99999897	0.00000103	0.00000000	0.00000000
KBIGS07_17	280	0.00000000	1.00000000	0.00000000	0.00000000	0.00000000
KBIGS07_18	279	0.00000000	1.00000000	0.00000000	0.00000000	0.00000000
KBIGS07_19	280	0.00000000	1.00000000	0.00000000	0.00000000	0.00000000
KBIGS07_20	281	0.00000000	1.00000000	0.00000000	0.00000000	0.00000000
KBIGS07_21	280	0.00000000	1.00000000	0.00000000	0.00000000	0.00000000
KBIGS07_22	281	0.00000000	1.00000000	0.00000000	0.00000000	0.00000000
KBIGS07_23	280	0.00000000	1.00000000	0.00000000	0.00000000	0.00000000
KBIGS07_24	279	0.00000000	1.00000000	0.00000000	0.00000000	0.00000000
KBIGS07_25	280	0.00000000	1.00000000	0.00000000	0.00000000	0.00000000
KBIGS07_26	281	0.00000000	0.99999998	0.00000002	0.00000000	0.00000000
KBIGS07_27	280	0.00000000	1.00000000	0.00000000	0.00000000	0.00000000
KBIGS07_28	280	0.00000000	1.00000000	0.00000000	0.00000000	0.00000000
KBIGS07_29	280	0.00000000	0.99999997	0.00000001	0.00000000	0.00000001
KBIGS07_30	280	0.00000000	1.00000000	0.00000000	0.00000000	0.00000000
KBIGS07_31	279	0.00000000	1.00000000	0.00000000	0.00000000	0.00000000
KBIGS07_32	281	0.00000000	1.00000000	0.00000000	0.00000000	0.00000000
KBIGS07_33	281	0.00000000	1.00000000	0.00000000	0.00000000	0.00000000
KBIGS07_34	281	0.00000000	1.00000000	0.00000000	0.00000000	0.00000000
KBIGS07_35	281	0.00000000	1.00000000	0.00000000	0.00000000	0.00000000
KBIGS07_36	280	0.00000000	1.00000000	0.00000000	0.00000000	0.00000000
KBIGS07_37	281	0.00000000	1.00000000	0.00000000	0.00000000	0.00000000
KBIGS07_38	280	0.00000000	1.00000000	0.00000000	0.00000000	0.00000000
KBIGS07_39	281	0.00000000	1.00000000	0.00000000	0.00000000	0.00000000
KBIGS07_40	281	0.00000000	1.00000000	0.00000000	0.00000000	0.00000000
KBIGS07_41	274	0.00000000	1.00000000	0.00000000	0.00000000	0.00000000
KBIGS07_42	280	0.00000000	1.00000000	0.00000000	0.00000000	0.00000000
KBIGS07_43	280	0.00000000	1.00000000	0.00000000	0.00000000	0.00000000
KBIGS07_44	279	0.00000000	1.00000000	0.00000000	0.00000000	0.00000000
KBIGS07_45	281	0.00000000	1.00000000	0.00000000	0.00000000	0.00000000
KBIGS07_46	281	0.00000000	1.00000000	0.00000000	0.00000000	0.00000000
KBIGS07_47	280	0.00000000	1.00000000	0.00000000	0.00000000	0.00000000
KBIGS07_48	280	0.00000000	1.00000000	0.00000000	0.00000000	0.00000000
KBIGS07_49	278	0.00000000	1.00000000	0.00000000	0.00000000	0.00000000
KBIGS07_50	279	0.00000000	1.00000000	0.00000000	0.00000000	0.00000000
KBIGS07_51	281	0.00000000	1.00000000	0.00000000	0.00000000	0.00000000
KBIGS07_52	275	0.00000000	1.00000000	0.00000000	0.00000000	0.00000000
KBIGS07_53	279	0.00000000	1.00000000	0.00000000	0.00000000	0.00000000
KBIGS07_54	281	0.00000000	1.00000000	0.00000000	0.00000000	0.00000000
KBIGS07_55	279	0.00000000	1.00000000	0.00000000	0.00000000	0.00000000
KBIGS07_56	281	0.00000000	1.00000000	0.00000000	0.00000000	0.00000000
KBIGS07_57	280	0.00000000	1.00000000	0.00000000	0.00000000	0.00000000
KBIGS07_58	280	0.00000000	1.00000000	0.00000000	0.00000000	0.00000000
KBIGS07_59	280	0.00000000	1.00000000	0.00000000	0.00000000	0.00000000
KBIGS07_60	280	0.00000000	1.00000000	0.00000000	0.00000000	0.00000000
KBIGS07_61	280	0.00000000	1.00000000	0.00000000	0.00000000	0.00000000
KBIGS07_62	280	0.00000000	0.99999993	0.00000007	0.00000000	0.00000000
KBIGS07_63	281	0.00000000	1.00000000	0.00000000	0.00000000	0.00000000
KBIGS07_64	281	0.00000000	1.00000000	0.00000000	0.00000000	0.00000000
KBIGS07_65	280	0.00000000	0.99999997	0.00000003	0.00000000	0.00000000
KBIGS07_66	280	0.00000000	1.00000000	0.00000000	0.00000000	0.00000000
KBIGS07_67	280	0.00000000	1.00000000	0.00000000	0.00000000	0.00000000
KBIGS07_68	281	0.00000000	1.00000000	0.00000000	0.00000000	0.00000000
KBIGS07_69	280	0.00000000	1.00000000	0.00000000	0.00000000	0.00000000
KBIGS07_70	281	0.00000000	0.99999998	0.00000002	0.00000000	0.00000000
KBIGS07_71	281	0.00000000	1.00000000	0.00000000	0.00000000	0.00000000
KEEK05_1	280	0.00005491	0.00000000	0.00000000	0.00019245	0.99975264
KEEK05_2	269	0.10320311	0.00000000	0.00000000	0.04323639	0.85356050
KEEK05_3	281	0.00786385	0.00000000	0.00000000	0.00029766	0.99183849
KEEK05_4	279	0.16121556	0.00000000	0.00000000	0.04428621	0.79449823
KEEK05_5	280	0.13340166	0.00000000	0.00000000	0.14478747	0.72181088
KEEK05_6	280	0.16316135	0.00000000	0.00000000	0.00624559	0.83059306
KEEK05_7	281	0.00002160	0.00000000	0.00000017	0.95287146	0.04710677
KEEK05_8	279	0.00050335	0.00000000	0.00000000	0.01512728	0.98436937
KEEK05_9	281	0.02046190	0.00000000	0.00000000	0.00118554	0.97835255
KEEK05_10	278	0.00022017	0.00000000	0.00000000	0.00055358	0.99922625
KEEK05_11	280	0.00033561	0.00000000	0.00000000	0.00529679	0.99436759
KEEK05_12	281	0.00008053	0.00000000	0.00000000	0.00011956	0.99979990
KEEK05_13	281	0.00062391	0.00000000	0.00000000	0.00019568	0.99918041
KEEK05_14	279	0.00197509	0.00000000	0.00000000	0.00642905	0.99159587
KEEK05_15	280	0.00008521	0.00000000	0.00000000	0.00004174	0.99987305
KEEK05_16	280	0.00086750	0.00000000	0.00000000	0.00544922	0.99368329
KEEK05_17	281	0.00122591	0.00000000	0.00000000	0.05124842	0.94752567
KEEK05_18	280	0.00005928	0.00000000	0.00000000	0.07167072	0.92827000
KEEK05_19	281	0.00000022	0.00000000	0.00000000	0.00186819	0.99813159
KEEK05_20	280	0.00058804	0.00000000	0.00000000	0.03859888	0.96081308
KEEK05_21	281	0.00029813	0.00000000	0.00000000	0.01072775	0.98897412
KEEK05_22	281	0.00759324	0.00000000	0.00000016	0.07796417	0.91444243
KEEK05_23	279	0.00031290	0.00000000	0.00000000	0.02255387	0.97713323
KEEK05_24	281	0.62950577	0.00000000	0.00000000	0.00050577	0.36998845
KEEK05_25	280	0.00000298	0.00000000	0.00000000	0.00486939	0.99512763
KEEK05_26	280	0.00030910	0.00000000	0.00000000	0.00588616	0.99380474
KEEK05_27	281	0.00932406	0.00000000	0.00000000	0.90019708	0.09047886
KEEK05_28	280	0.00000767	0.00000000	0.00000000	0.00030067	0.99969166
KEEK05_29	281	0.00033730	0.00000000	0.00000000	0.00926302	0.99039968
KEEK05_30	279	0.00003436	0.00000000	0.00000000	0.10059299	0.89937265
KEEK05_31	280	0.02330297	0.00000000	0.00000000	0.06437744	0.91231959
KEEK05_32	279	0.00258463	0.00000000	0.00000000	0.00203831	0.99537706
KEEK05_33	278	0.00028017	0.00000000	0.00000000	0.00331102	0.99640882
KEEK05_34	280	0.01845569	0.00000000	0.00000000	0.02014769	0.96139663
KEEK05_35	281	0.00001514	0.00000000	0.00000000	0.01585482	0.98413004
KEEK05_36	281	0.00025009	0.00000000	0.00000000	0.00090489	0.99884503
KEEK05_37	279	0.17208507	0.00000000	0.00000000	0.00272319	0.82519174
KEEK05_38	280	0.00181248	0.00000000	0.00000000	0.19003489	0.80815263
KEEK05_39	281	0.00116878	0.00000000	0.00000000	0.01842650	0.98040472
KEEK05_40	281	0.00000009	0.00000000	0.00000000	0.00009676	0.99990316
KEEK05_41	279	0.01681502	0.00000000	0.00000000	0.15689718	0.82628779
KEEK05_42	281	0.00000436	0.00000000	0.00000000	0.00009279	0.99990285
KEEK05_43	271	0.00003766	0.00000000	0.00000000	0.00319430	0.99676804
KEEK05_44	277	0.00002240	0.00000000	0.00000000	0.00024978	0.99972782
KEEK05_45	281	0.00008402	0.00000000	0.00000000	0.00047354	0.99944244
KEEK05_46	281	0.00207807	0.00000000	0.00000000	0.08247239	0.91544954
KEEK05_47	281	0.00000167	0.00000000	0.00000000	0.10519752	0.89480081
KEEK05_48	279	0.00207342	0.00000000	0.00000000	0.02676356	0.97116302
KEEK05_49	279	0.00015100	0.00000000	0.00000000	0.00004967	0.99979933
KEEK05_50	280	0.00124792	0.00000000	0.00000000	0.08382486	0.91492723
KEEK05_51	281	0.00026757	0.00000000	0.00000000	0.00011988	0.99961255
KEEK05_52	279	0.00145254	0.00000000	0.00000000	0.00003083	0.99851663
KEEK05_53	279	0.00004661	0.00000000	0.00000000	0.01152258	0.98843081
KEEK05_54	281	0.00397414	0.00000000	0.00000000	0.09204206	0.90398379
KEEK05_55	281	0.00241751	0.00000000	0.00000000	0.06408765	0.93349484
KEEK05_56	281	0.00833217	0.00000000	0.00000000	0.00598111	0.98568672
KEEK05_57	281	0.00003034	0.00000000	0.00000000	0.00021310	0.99975656
KEEK05_58	281	0.00003736	0.00000000	0.00000000	0.00008739	0.99987525
KEEK05_59	280	0.00138790	0.00000000	0.00000000	0.00153847	0.99707363
KEEK05_60	281	0.00184964	0.00000000	0.00000000	0.06359393	0.93455643
KEEK05_61	281	0.00450319	0.00000000	0.00000000	0.08924509	0.90625172
KEEK05_62	281	0.00021810	0.00000000	0.00000000	0.00012014	0.99966175
KEEK05_63	280	0.00044807	0.00000000	0.00000000	0.00498335	0.99456858
KEEK05_64	280	0.00194516	0.00000000	0.00000000	0.01768970	0.98036514
KEEK05_65	278	0.00005276	0.00000000	0.00000000	0.00252278	0.99742446
KEEK05_66	281	0.00000676	0.00000000	0.00000000	0.00061839	0.99937485
KEEK05_67	281	0.00010370	0.00000000	0.00000002	0.00138198	0.99851430
KEEK05_68	281	0.00006167	0.00000000	0.00000000	0.05829582	0.94164251
KEEK05_69	281	0.00102840	0.00000000	0.00000000	0.69617537	0.30279623
KEEK05_70	281	0.00053110	0.00000000	0.00000000	0.23187151	0.76759738
KEEK05_71	280	0.00023139	0.00000000	0.00000000	0.01698532	0.98278329
KEEK05_72	280	0.00020912	0.00000000	0.00000000	0.00008836	0.99970252
KEEK05_73	276	0.00000794	0.00000000	0.00000000	0.00007800	0.99991406
KEEK05_74	280	0.00413306	0.00000000	0.00000000	0.01126013	0.98460681
KEEK05_75	280	0.06978216	0.00000000	0.00000000	0.03824007	0.89197776
KEEK05_76	281	0.01422372	0.00000000	0.00000000	0.25258557	0.73319071
KGAGA06_1	280	0.00000712	0.00000000	0.00000000	0.02520118	0.97479171
KGAGA06_2	281	0.00010976	0.00000000	0.00000000	0.00357565	0.99631459
KGAGA06_3	281	0.00881045	0.00000000	0.00000000	0.01531614	0.97587341
KGAGA06_4	279	0.00001195	0.00000000	0.00000000	0.00955705	0.99043100
KGAGA06_5	280	0.00023143	0.00000000	0.00000000	0.00069580	0.99907277
KGAGA06_6	281	0.00042202	0.00000000	0.00000018	0.00087361	0.99870419
KGAGA06_7	280	0.00018906	0.00000000	0.00000000	0.00324665	0.99656429
KGAGA06_8	281	0.00011314	0.00000000	0.00000000	0.00637625	0.99351061
KGAGA06_9	281	0.00183167	0.00000000	0.00000000	0.28717996	0.71098837
KGAGA06_10	281	0.00206936	0.00000000	0.00000000	0.00153365	0.99639699
KGAGA06_11	281	0.00778533	0.00000000	0.00000000	0.00002009	0.99219457
KGAGA06_12	281	0.00397530	0.00000000	0.00000000	0.65881004	0.33721466
KGAGA06_13	280	0.00002331	0.00000000	0.00000000	0.00003857	0.99993812
KGAGA06_14	281	0.00221049	0.00000000	0.00000000	0.12215746	0.87563206
KGAGA06_15	281	0.00086110	0.00000000	0.00000000	0.01256149	0.98657741
KGAGA06_16	280	0.00061605	0.00000000	0.00000000	0.00010339	0.99928055
KGAGA06_17	280	0.00583269	0.00000000	0.00000000	0.00060367	0.99356364
KGAGA06_18	279	0.00001221	0.00000000	0.00000000	0.02949840	0.97048939
KGAGA06_19	281	0.00061384	0.00000000	0.00000000	0.23624019	0.76314597
KGAGA06_20	281	0.00023967	0.00000000	0.00000000	0.00009783	0.99966250
KGAGA06_21	281	0.00923441	0.00000000	0.00000000	0.64957097	0.34119462
KGAGA06_22	281	0.00000110	0.00000000	0.00000000	0.00008238	0.99991652
KGAGA06_23	281	0.00001439	0.00000000	0.00000000	0.01081025	0.98917536
KGAGA06_24	281	0.00047761	0.00000000	0.00000001	0.00017194	0.99935044
KGAGA06_25	280	0.00091468	0.00000000	0.00000000	0.00294680	0.99613852
KGAGA06_26	281	0.00002945	0.00000000	0.00000000	0.00471307	0.99525748
KGAGA06_27	281	0.00019311	0.00000000	0.00000000	0.00377331	0.99603358
KGAGA06_28	280	0.00174888	0.00000000	0.00000000	0.52757496	0.47067616
KGAGA06_29	280	0.00027025	0.00000000	0.00000107	0.08897166	0.91075702
KGAGA06_30	280	0.00037740	0.00000000	0.00000000	0.00026654	0.99935606
KGAGA06_31	281	0.00064970	0.00000000	0.00000000	0.00316583	0.99618446
KGAGA06_32	281	0.00013372	0.00000000	0.00000000	0.42475173	0.57511455
KGAGA06_33	279	0.00000299	0.00000000	0.00000000	0.00173715	0.99825985
KGAGA06_34	281	0.00012679	0.00000000	0.00000000	0.03653471	0.96333850
KGAGA06_35	280	0.00149597	0.00000000	0.00000000	0.00108849	0.99741554
KGAGA06_36	275	0.00001356	0.00000000	0.00000000	0.01476930	0.98521714
KGAGA06_37	281	0.00509438	0.00000000	0.00000000	0.96770688	0.02719874
KGAGA06_38	281	0.01891341	0.00000000	0.00000000	0.56515733	0.41592926
KGAGA06_39	281	0.00022207	0.00000000	0.00000000	0.00701855	0.99275938
KGAGA06_40	281	0.00086705	0.00000000	0.00000000	0.00730850	0.99182445
KGAGA06_41	269	0.00017775	0.00000000	0.00000000	0.00960406	0.99021819
KGAGA06_42	281	0.00000515	0.00000000	0.00000000	0.00037927	0.99961558
KGAGA06_43	281	0.00001358	0.00000000	0.00000000	0.00403959	0.99594682
KGAGA06_44	276	0.00015750	0.00000000	0.00000000	0.03018713	0.96965537
KGAGA06_45	280	0.00034635	0.00000000	0.00000000	0.08403382	0.91561983
KGAGA06_46	280	0.00004708	0.00000000	0.00000000	0.00548868	0.99446425
KGAGA06_47	281	0.00001786	0.00000000	0.00000000	0.00028586	0.99969629
KGAGA06_48	281	0.00064975	0.00000000	0.00000000	0.05436895	0.94498130
KGAGA06_49	281	0.00005472	0.00000000	0.00000000	0.04632606	0.95361921
KGAGA06_50	281	0.00000307	0.00000000	0.00000000	0.00010216	0.99989478
KGAGA06_51	280	0.00120965	0.00000000	0.00000000	0.00024417	0.99854619
KGAGA06_52	281	0.00000887	0.00000000	0.00000004	0.00026237	0.99972872
KGAGA06_53	281	0.00025900	0.00000000	0.00000000	0.00159996	0.99814103
KGAGA06_54	281	0.00003093	0.00000000	0.00000000	0.00006198	0.99990710
KGAGA06_55	281	0.00001785	0.00000000	0.00000000	0.00014622	0.99983593
KGAGA06_56	280	0.00008289	0.00000000	0.00000000	0.00033438	0.99958274
KGAGA06_57	280	0.00000475	0.00000000	0.00000000	0.01908093	0.98091431
KGAGA06_58	280	0.00000097	0.00000000	0.00000000	0.00502973	0.99496931
KGAGA06_59	273	0.00089414	0.00000000	0.00000000	0.02306811	0.97603775
KGAGA06_60	280	0.05121446	0.00000000	0.00000000	0.01147153	0.93731401
KGAGA06_61	281	0.00001264	0.00000000	0.00000000	0.00064852	0.99933884
KGAGA06_62	280	0.00397642	0.00000000	0.00000000	0.03044669	0.96557689
KGAGA06_63	280	0.00017544	0.00000000	0.00000000	0.00547045	0.99435412
KGAGA06_64	281	0.00035179	0.00000000	0.00000000	0.00048185	0.99916636
KGAGA06_65	281	0.00170630	0.00000000	0.00000004	0.11835953	0.87993413
KGAGA06_66	279	0.00006258	0.00000000	0.00000000	0.00045962	0.99947780
KGAGA06_67	276	0.00872169	0.00000000	0.00000000	0.00470724	0.98657107
KGAGA06_68	280	0.00000047	0.00000000	0.00000000	0.00009469	0.99990484
KGAGA06_69	281	0.00016758	0.00000000	0.00000000	0.00028806	0.99954437
KGAGA06_70	281	0.00248257	0.00000000	0.00000000	0.00560570	0.99191173
KGAGA06_71	281	0.00022148	0.00000000	0.00000000	0.00027606	0.99950246
KGAGA06_72	281	0.00003371	0.00000000	0.00000000	0.00684656	0.99311973
KGAGA06_73	279	0.00234167	0.00000000	0.00000000	0.03367202	0.96398631
KGAGA06_74	281	0.00001003	0.00000000	0.00000000	0.00001421	0.99997576
KGAGA06_75	278	0.00015127	0.00000000	0.00000000	0.00121455	0.99863418
KGAGA06_76	281	0.00001771	0.00000000	0.00000000	0.03763576	0.96234653
KGAGA06_77	281	0.00109686	0.00000000	0.00000000	0.00854257	0.99036057
KGAGA06_78	279	0.00003464	0.00000000	0.00000000	0.00052216	0.99944319
KGAGA06_79	280	0.00021906	0.00000000	0.00000000	0.01017907	0.98960187
KGAGA06_80	281	0.00110392	0.00000000	0.00000000	0.22949635	0.76939973
KGAGA06_81	281	0.00000138	0.00000000	0.00000000	0.00001572	0.99998291
KGAGA06_82	280	0.00024881	0.00000000	0.00000000	0.02149142	0.97825977
KGAGA06_83	279	0.00007273	0.00000000	0.00000000	0.00018386	0.99974341
KGAGA06_84	281	0.26655292	0.00000000	0.00341550	0.31316289	0.41686868
KGAGA06_85	281	0.00103824	0.00000000	0.00000000	0.00030643	0.99865533
KGAGA06_86	279	0.00015808	0.00000000	0.00000002	0.00954280	0.99029910
KGAGA06_87	281	0.01233891	0.00000000	0.00000000	0.18674029	0.80092080
KGAGA06_88	277	0.40254221	0.00000000	0.00000000	0.00000488	0.59745291
KGAGA06_89	281	0.00010735	0.00000000	0.00000000	0.00418788	0.99570477
KGAGA06_90	281	0.00009398	0.00000000	0.00000000	0.00026215	0.99964387
KGAGA06_91	281	0.11021200	0.00000000	0.00000000	0.00001111	0.88977689
KGAGA06_92	280	0.00009469	0.00000000	0.00000000	0.00018376	0.99972154
KGAGA06_93	281	0.00170745	0.00000000	0.00000000	0.00111192	0.99718063
KGAGA06_94	281	0.00000065	0.00000000	0.00000034	0.01718961	0.98280940
KGEOR05_1	281	0.00010705	0.00000000	0.00000000	0.03264513	0.96724782
KGEOR05_2	281	0.00000998	0.00000000	0.00000000	0.00001076	0.99997926
KGEOR05_3	281	0.00180704	0.00000000	0.00000000	0.03900371	0.95918925
KGEOR05_4	281	0.41511284	0.00000000	0.00000000	0.01062994	0.57425721
KGEOR05_5	280	0.00031418	0.00000000	0.00000000	0.00394928	0.99573654
KGEOR05_6	281	0.00000540	0.00000000	0.00000000	0.00720551	0.99278909
KGEOR05_7	280	0.00000564	0.00000000	0.00000000	0.00720869	0.99278567
KGEOR05_8	281	0.00006081	0.00000000	0.00000000	0.00478523	0.99515396
KGEOR05_9	280	0.00027583	0.00000000	0.00000000	0.00071545	0.99900873
KGEOR05_10	281	0.00000245	0.00000000	0.00000000	0.00004672	0.99995083
KGEOR05_11	281	0.00018550	0.00000000	0.00000001	0.01110363	0.98871085
KGEOR05_12	278	0.00000156	0.00000000	0.00000000	0.00030414	0.99969430
KGEOR05_13	281	0.00044175	0.00000000	0.00000000	0.01395700	0.98560125
KGEOR05_14	281	0.00011988	0.00000000	0.00000000	0.00084234	0.99903778
KGEOR05_15	281	0.01127282	0.00000000	0.00000000	0.00035860	0.98836857
KGEOR05_16	280	0.00186206	0.00000000	0.00000000	0.01919435	0.97894360
KGEOR05_17	278	0.00011115	0.00000000	0.00000000	0.00019324	0.99969561
KGEOR05_18	281	0.00014183	0.00000000	0.00000000	0.00148453	0.99837364
KGEOR05_19	280	0.00000400	0.00000000	0.00000000	0.00001633	0.99997967
KGEOR05_20	280	0.00000789	0.00000000	0.00000000	0.00067614	0.99931597
KGEOR05_21	280	0.00018282	0.00000000	0.00000000	0.00138974	0.99842744
KGEOR05_22	281	0.00093672	0.00000000	0.00000000	0.00004548	0.99901780
KGEOR05_23	280	0.00012880	0.00000000	0.00000000	0.38756533	0.61230586
KGEOR05_24	281	0.00002742	0.00000000	0.00000000	0.00000037	0.99997221
KGEOR05_25	281	0.00002274	0.00000000	0.00000000	0.00145203	0.99852523
KGEOR05_26	281	0.00831857	0.00000000	0.00000000	0.01449764	0.97718379
KGEOR05_27	280	0.00008052	0.00000000	0.00000000	0.01417187	0.98574760
KGEOR05_28	281	0.00135634	0.00000000	0.00000000	0.05918094	0.93946272
KGEOR05_29	281	0.00007360	0.00000000	0.00000000	0.00026469	0.99966171
KGEOR05_30	278	0.00003633	0.00000000	0.00000000	0.04070516	0.95925851
KGEOR05_31	281	0.00696613	0.00000000	0.00000000	0.01595874	0.97707513
KGEOR05_32	280	0.00002046	0.00000000	0.00000000	0.00006912	0.99991041
KGEOR05_33	273	0.07245269	0.00000000	0.00000000	0.00025546	0.92729185
KGEOR05_34	281	0.00022187	0.00000000	0.00000000	0.00301172	0.99676641
KGEOR05_35	281	0.00389331	0.00000000	0.00000000	0.01034229	0.98576441
KGEOR05_36	281	0.00006233	0.00000000	0.00000000	0.18224890	0.81768878
KGEOR05_37	280	0.00021676	0.00000000	0.00000000	0.01816922	0.98161402
KGEOR05_38	280	0.00040333	0.00000000	0.00000000	0.00036297	0.99923371
KGEOR05_39	281	0.00184213	0.00000000	0.00000000	0.00142322	0.99673466
KGEOR05_40	281	0.00003687	0.00000000	0.00000000	0.00217218	0.99779095
KGEOR05_41	276	0.00021765	0.00000000	0.00000000	0.00044422	0.99933813
KGEOR05_42	281	0.00005925	0.00000000	0.00000000	0.93697602	0.06296473
KGEOR05_43	281	0.00390364	0.00000000	0.00000000	0.00028805	0.99580830
KGEOR05_44	281	0.00000200	0.00000000	0.00000000	0.00004333	0.99995467
KGEOR05_45	280	0.00001178	0.00000000	0.00000000	0.00015065	0.99983757
KGEOR05_46	276	0.00781327	0.00000000	0.00000000	0.00882666	0.98336007
KGEOR05_47	281	0.00003585	0.00000000	0.00000000	0.00318523	0.99677893
KGEOR05_48	279	0.00019019	0.00000000	0.00000000	0.03034306	0.96946676
KGEOR05_49	281	0.56768948	0.00000000	0.00000000	0.01098032	0.42133019
KGEOR05_50	281	0.00127770	0.00000000	0.00000000	0.02231026	0.97641203
KGEOR05_51	280	0.00024314	0.00000000	0.00000000	0.00001608	0.99974077
KGEOR05_52	277	0.00000085	0.00000000	0.00000000	0.00005461	0.99994454
KGEOR05_53	280	0.00018941	0.00000000	0.00000000	0.00066506	0.99914553
KGEOR05_54	280	0.00055755	0.00000000	0.00000001	0.00440823	0.99503420
KGEOR05_55	279	0.00000423	0.00000000	0.00000000	0.00047215	0.99952362
KGEOR05_56	280	0.00024000	0.00000000	0.00000000	0.00641053	0.99334947
KGEOR05_57	280	0.00000758	0.00000000	0.00000000	0.04467722	0.95531520
KGEOR05_58	279	0.00023001	0.00000000	0.00000000	0.00086687	0.99890312
KGEOR05_59	279	0.00010296	0.00000000	0.00000000	0.01550357	0.98439347
KGEOR05_60	280	0.00020821	0.00000000	0.00000000	0.00003644	0.99975535
KGEOR05_61	280	0.22953862	0.00000000	0.00000000	0.00061744	0.76984394
KGEOR05_62	281	0.00001403	0.00000000	0.00000000	0.00009785	0.99988812
KGEOR05_63	280	0.00005296	0.00000000	0.00000000	0.00055014	0.99939690
KGEOR05_64	281	0.00003607	0.00000000	0.00000000	0.01038135	0.98958257
KGEOR05_65	279	0.00000086	0.00000000	0.00000000	0.00000147	0.99999766
KGEOR05_66	280	0.00011646	0.00000000	0.00000000	0.00008163	0.99980191
KGEOR05_67	280	0.00054775	0.00000000	0.00000000	0.00056035	0.99889190
KGEOR05_68	279	0.00108006	0.00000000	0.00000000	0.00027283	0.99864712
KGEOR05_69	279	0.00001911	0.00000000	0.00000000	0.00077319	0.99920770
KGEOR05_70	281	0.16215910	0.00000000	0.00000000	0.00042561	0.83741529
