## trace file of reporting unit Pi values from gsi_sim.  NumBurnIn= 50000  NumSweeps= 999 ThinningInterval= 20
SweepNumber	Norton	Upper_Yukon	Middle_Yukon	Lower_Yukon	Bristol_Bay_Kusk
0	0.11452701	0.02341415	0.13201866	0.10772304	0.62231714
20	0.11175749	0.04085975	0.10885808	0.09225305	0.64627163
40	0.11399776	0.02845316	0.13140210	0.08979431	0.63635266
60	0.10798537	0.03131720	0.11732760	0.10367808	0.63969176
80	0.10484079	0.03531641	0.11558243	0.11255516	0.63170520
100	0.10007403	0.03128798	0.13300878	0.08647355	0.64915566
120	0.10911178	0.03513795	0.11845819	0.10453547	0.63275660
140	0.10559651	0.02344579	0.12529381	0.10359941	0.64206448
160	0.10776657	0.03362935	0.11126816	0.09985095	0.64748497
180	0.09576952	0.03052093	0.11918735	0.11437540	0.64014681
200	0.11016901	0.03238780	0.13882863	0.09966472	0.61894984
220	0.11704682	0.03924379	0.12271011	0.09274162	0.62825766
240	0.10972968	0.02937919	0.12435070	0.10157943	0.63496100
260	0.11542185	0.02551959	0.10385506	0.10899092	0.64621258
280	0.12646678	0.02844420	0.11815382	0.10403450	0.62290070
300	0.11087114	0.02764941	0.11478748	0.10653793	0.64015402
320	0.10233319	0.03705159	0.10218451	0.10193075	0.65649996
340	0.11058121	0.03814836	0.11478112	0.10228820	0.63420111
360	0.10415859	0.03751367	0.12650707	0.10805325	0.62376741
380	0.10612142	0.03534301	0.12534510	0.10246355	0.63072692
400	0.11549999	0.03390442	0.11997769	0.10314736	0.62747054
420	0.11925690	0.03503226	0.11629668	0.10407123	0.62534293
440	0.11143864	0.03024809	0.12025994	0.09962541	0.63842792
460	0.10700720	0.02759492	0.11835184	0.11526913	0.63177692
480	0.11700009	0.03619936	0.10046941	0.10916027	0.63717087
500	0.10897998	0.03085435	0.11040892	0.10365242	0.64610433
520	0.09869415	0.03382686	0.11237465	0.11184814	0.64325620
540	0.09272550	0.03470437	0.12053103	0.10978737	0.64225173
560	0.10909783	0.03316690	0.11016961	0.12530244	0.62226321
580	0.12051107	0.03877031	0.11337791	0.10049165	0.62684906
600	0.11064641	0.02905539	0.11334377	0.09869280	0.64826163
620	0.11763301	0.03663950	0.12112534	0.09102542	0.63357673
640	0.09909215	0.03664946	0.12440550	0.11010326	0.62974962
660	0.09409674	0.03797341	0.12091754	0.09761120	0.64940110
680	0.10465541	0.03126896	0.12097728	0.09819256	0.64490579
700	0.10530067	0.02980684	0.12183459	0.10485232	0.63820559
720	0.11022765	0.03372560	0.10403808	0.12203438	0.62997428
740	0.11931689	0.02615454	0.11972471	0.11269281	0.62211106
760	0.12502353	0.03272730	0.09847750	0.10010451	0.64366716
780	0.10948320	0.02445371	0.11056712	0.09874320	0.65675277
800	0.10819801	0.02609523	0.11130898	0.10184216	0.65255561
820	0.12063706	0.03259176	0.11444724	0.10941987	0.62290407
840	0.10849820	0.03453443	0.12346603	0.09574367	0.63775767
860	0.11678109	0.03798958	0.10852658	0.09058825	0.64611450
880	0.12538459	0.03458624	0.10997536	0.09988715	0.63016666
900	0.11103147	0.03017726	0.12564743	0.09585003	0.63729381
920	0.10383353	0.02714137	0.12167409	0.11924250	0.62810852
940	0.10608972	0.03669522	0.10405776	0.10503260	0.64812470
960	0.11263093	0.03462000	0.11319605	0.11262605	0.62692697
980	0.11396177	0.03066656	0.11679077	0.11231622	0.62626468
1000	0.11090648	0.03171234	0.10972710	0.10712348	0.64053060
1020	0.11189298	0.03556607	0.11839291	0.09829188	0.63585615
1040	0.10826385	0.02814067	0.10010264	0.10649703	0.65699582
1060	0.11651372	0.03393610	0.12431374	0.09820799	0.62702845
1080	0.10230350	0.02954431	0.12801097	0.11036208	0.62977914
1100	0.10639661	0.03135551	0.11770390	0.10023078	0.64431320
1120	0.11072475	0.03810305	0.11398776	0.10468437	0.63250006
1140	0.10413197	0.03396057	0.12026077	0.10058645	0.64106024
1160	0.12215575	0.02234725	0.11187895	0.10540051	0.63821753
1180	0.11074880	0.03210232	0.11206630	0.11561294	0.62946965
1200	0.12600087	0.03439658	0.11486504	0.10655379	0.61818372
1220	0.09530366	0.03331105	0.11914943	0.10457817	0.64765769
1240	0.11084613	0.03965450	0.11569748	0.11923204	0.61456985
1260	0.10290930	0.02988310	0.12379251	0.10092697	0.64248812
1280	0.09488227	0.03225903	0.12667180	0.11566742	0.63051948
1300	0.10435215	0.03698604	0.12611255	0.10157709	0.63097217
1320	0.11527827	0.03630483	0.12078427	0.09739564	0.63023699
1340	0.10375609	0.03554528	0.11862338	0.11208397	0.62999127
1360	0.09783013	0.02983105	0.10588864	0.10618093	0.66026926
1380	0.11452544	0.03153034	0.11212739	0.10278994	0.63902689
1400	0.10619313	0.02677623	0.11741540	0.11045262	0.63916263
1420	0.10206180	0.03130199	0.11703778	0.10145186	0.64814657
1440	0.11412162	0.03318722	0.11714558	0.11575472	0.61979086
1460	0.10454563	0.03533893	0.13014561	0.10244561	0.62752422
1480	0.10756624	0.03793427	0.12066846	0.10502289	0.62880814
1500	0.12963453	0.03202707	0.11454853	0.09330524	0.63048462
1520	0.11229227	0.02875297	0.12077626	0.11516078	0.62301772
1540	0.11674986	0.03942251	0.13122618	0.10789404	0.60470741
1560	0.10399486	0.03672366	0.12436776	0.09229239	0.64262133
1580	0.11092216	0.02814785	0.11954457	0.10731787	0.63406754
1600	0.10368920	0.03019407	0.10591545	0.10759187	0.65260941
1620	0.12219480	0.03061856	0.11860554	0.09926948	0.62931162
1640	0.12461884	0.03318450	0.11076880	0.10688793	0.62453993
1660	0.10035905	0.03408763	0.10579468	0.10402395	0.65573469
1680	0.10783627	0.03475720	0.13196890	0.10756396	0.61787367
1700	0.10450969	0.02422236	0.11648610	0.09489937	0.65988248
1720	0.10618265	0.02837528	0.12083416	0.09772570	0.64688221
1740	0.12743663	0.03325229	0.11391483	0.09355442	0.63184183
1760	0.10205958	0.03093694	0.11940089	0.09716264	0.65043995
1780	0.10602113	0.04031509	0.12580669	0.09317830	0.63467879
1800	0.09962037	0.02866172	0.11519966	0.10934403	0.64717422
1820	0.10999031	0.03709453	0.12486570	0.10426694	0.62378252
1840	0.11807755	0.03337796	0.11900035	0.10863154	0.62091260
1860	0.11167667	0.03773512	0.11731179	0.11925281	0.61402361
1880	0.11561605	0.02935466	0.11826136	0.10467698	0.63209095
1900	0.10852991	0.03477768	0.11894492	0.10504912	0.63269837
1920	0.09195603	0.03078001	0.12731866	0.11765884	0.63228646
1940	0.10463840	0.03425480	0.11760373	0.10729739	0.63620568
1960	0.11328697	0.03106239	0.11361337	0.09820921	0.64382807
1980	0.10514507	0.03147229	0.12014508	0.09502951	0.64820806
2000	0.09730864	0.03439757	0.11698407	0.09805116	0.65325856
2020	0.10951881	0.02959305	0.12381508	0.12231108	0.61476198
2040	0.12330412	0.04039276	0.10733183	0.10095200	0.62801930
2060	0.10431160	0.03384657	0.12026453	0.10213644	0.63944086
2080	0.10883564	0.03364295	0.12027121	0.10484295	0.63240726
2100	0.10389824	0.03346480	0.12259202	0.10088581	0.63915913
2120	0.09792641	0.03491755	0.12137072	0.10485095	0.64093437
2140	0.11060447	0.03068202	0.11281330	0.11894456	0.62695565
2160	0.10445693	0.02949831	0.13133380	0.11462279	0.62008817
2180	0.10331902	0.03659217	0.10853993	0.11411692	0.63743195
2200	0.10980577	0.02960927	0.11529228	0.09479242	0.65050026
2220	0.10378499	0.03335706	0.11902334	0.10070619	0.64312842
2240	0.10886764	0.03101843	0.12183519	0.11667620	0.62160254
2260	0.10968023	0.03414187	0.11431139	0.11108824	0.63077827
2280	0.11513737	0.03379779	0.12461581	0.10919226	0.61725676
2300	0.11287071	0.03332841	0.10625380	0.11740118	0.63014590
2320	0.09874657	0.03481515	0.12428095	0.11243386	0.62972347
2340	0.09132784	0.03220934	0.12629785	0.10376029	0.64640469
2360	0.10427726	0.03457078	0.11434947	0.11132948	0.63547301
2380	0.11163801	0.02923807	0.12257502	0.10652597	0.63002292
2400	0.10751826	0.02928435	0.12231351	0.10079225	0.64009163
2420	0.11650752	0.03488619	0.11638720	0.09324752	0.63897157
2440	0.10790374	0.03230554	0.11886377	0.10695478	0.63397217
2460	0.11820972	0.02850667	0.10960112	0.09964969	0.64403280
2480	0.10550716	0.03057085	0.11998978	0.09716280	0.64676941
2500	0.10770502	0.02790888	0.13658541	0.09359549	0.63420520
2520	0.11529025	0.03080606	0.12633255	0.11137994	0.61619120
2540	0.10432252	0.03156896	0.10703337	0.09456286	0.66251228
2560	0.10883041	0.03030141	0.11845799	0.10838998	0.63402022
2580	0.10541567	0.02775795	0.11986292	0.10921222	0.63775124
2600	0.09789774	0.03097984	0.11787755	0.11270113	0.64054375
2620	0.09311471	0.02968066	0.12500584	0.10595196	0.64624683
2640	0.12781275	0.03461407	0.10576466	0.10162321	0.63018531
2660	0.10353905	0.03290796	0.11773080	0.11650354	0.62931865
2680	0.09685489	0.03284990	0.11984978	0.10459706	0.64584837
2700	0.09507810	0.02913780	0.12775937	0.10078275	0.64724198
2720	0.10660887	0.03328380	0.11980216	0.10137250	0.63893267
2740	0.11793694	0.03746605	0.11712059	0.09921144	0.62826497
2760	0.12437930	0.03287554	0.11655998	0.11215322	0.61403197
2780	0.11401418	0.03392824	0.12091466	0.10341907	0.62772384
2800	0.12301546	0.02658103	0.10789861	0.09069995	0.65180495
2820	0.12738551	0.03702136	0.11607766	0.11313798	0.60637749
2840	0.11262639	0.02940579	0.11359844	0.09604976	0.64831962
2860	0.11001622	0.02990934	0.10577462	0.10631269	0.64798713
2880	0.10823269	0.03828840	0.11378614	0.10726190	0.63243087
2900	0.10839884	0.03220903	0.11175854	0.10417552	0.64345807
2920	0.11944564	0.03753146	0.11117830	0.12027013	0.61157447
2940	0.11436605	0.03128914	0.12431602	0.11921688	0.61081191
2960	0.11781930	0.03006636	0.11562546	0.12013610	0.61635279
2980	0.11103686	0.03254662	0.12163880	0.10940400	0.62537372
3000	0.11612677	0.02874717	0.11524994	0.10569996	0.63417617
3020	0.11170038	0.03294944	0.11912685	0.10320242	0.63302091
3040	0.11450266	0.03748252	0.12264454	0.10731802	0.61805226
3060	0.11094204	0.03379756	0.12983049	0.08594730	0.63948261
3080	0.09534927	0.03227510	0.11685380	0.10775602	0.64776581
3100	0.11238731	0.03588112	0.11031840	0.11579465	0.62561852
3120	0.10067323	0.03392979	0.11835142	0.11934242	0.62770313
3140	0.11461230	0.03593518	0.12356613	0.10129633	0.62459006
3160	0.10761773	0.03087900	0.12802238	0.10012916	0.63335172
3180	0.11458293	0.02944081	0.10801415	0.10226024	0.64570187
3200	0.10463841	0.03422112	0.11805692	0.09972529	0.64335825
3220	0.10907364	0.03274826	0.11200057	0.11102078	0.63515675
3240	0.10317725	0.03391955	0.11939149	0.10893766	0.63457405
3260	0.10911595	0.02948790	0.12263239	0.10413939	0.63462436
3280	0.11894222	0.03120025	0.12441778	0.10608363	0.61935611
3300	0.12365803	0.02608534	0.11890699	0.10598450	0.62536513
3320	0.10345179	0.04093441	0.12579883	0.09733249	0.63248248
3340	0.11907583	0.03046414	0.11169435	0.09043235	0.64833333
3360	0.09951701	0.03867001	0.11942848	0.10026178	0.64212273
3380	0.11135136	0.02874126	0.11362191	0.09672820	0.64955728
3400	0.11371534	0.03417252	0.11982411	0.10257815	0.62970987
3420	0.11754299	0.03140191	0.12461677	0.09552207	0.63091626
3440	0.11173638	0.03418036	0.11003793	0.10433895	0.63970639
3460	0.10554102	0.02779348	0.11879880	0.10279324	0.64507345
3480	0.10671107	0.03225934	0.12710111	0.09617179	0.63775669
3500	0.10150931	0.03583575	0.10897870	0.11539535	0.63828090
3520	0.11502906	0.03068403	0.12417423	0.10161806	0.62849462
3540	0.10666688	0.03241807	0.10809192	0.09726347	0.65555965
3560	0.12593199	0.03403790	0.12280473	0.09607962	0.62114575
3580	0.10973609	0.02971715	0.12000580	0.10205288	0.63848809
3600	0.11759375	0.03961097	0.12396018	0.10595939	0.61287572
3620	0.11571270	0.03091613	0.11930092	0.09615229	0.63791796
3640	0.11202135	0.03541557	0.12378474	0.10108234	0.62769600
3660	0.10088606	0.02963960	0.11452892	0.10078334	0.65416207
3680	0.10553015	0.02961693	0.12186221	0.09969474	0.64329597
3700	0.11530835	0.03238075	0.12036638	0.10853072	0.62341381
3720	0.10925304	0.03784098	0.11537359	0.11291306	0.62461934
3740	0.10905972	0.03207701	0.11759833	0.10726717	0.63399778
3760	0.11699936	0.02847124	0.11815890	0.09528302	0.64108748
3780	0.10549076	0.03316303	0.12516827	0.10468095	0.63149700
3800	0.11752684	0.03042335	0.11126560	0.09988455	0.64089966
3820	0.11480408	0.02992791	0.12350179	0.10602628	0.62573995
3840	0.10422621	0.02996794	0.13130939	0.10275842	0.63173805
3860	0.10645120	0.02992346	0.11859718	0.10954180	0.63548636
3880	0.11505491	0.03104339	0.10658602	0.10506857	0.64224711
3900	0.10953256	0.03187478	0.13475969	0.10254518	0.62128779
3920	0.11700608	0.02840834	0.12317197	0.09467484	0.63673877
3940	0.12524217	0.03853305	0.12158301	0.09113510	0.62350668
3960	0.09951879	0.03186350	0.10648359	0.11529801	0.64683611
3980	0.11197178	0.04112019	0.13275303	0.09859358	0.61556143
4000	0.11189729	0.03640771	0.11982714	0.10338589	0.62848197
4020	0.12110958	0.03054253	0.10983437	0.10770594	0.63080758
4040	0.10634831	0.02813378	0.11957544	0.10599957	0.63994290
4060	0.10879941	0.03303738	0.11984403	0.11017572	0.62814346
4080	0.10067235	0.02572719	0.12330378	0.10747894	0.64281773
4100	0.11395981	0.02945577	0.10889325	0.09674689	0.65094428
4120	0.10206059	0.03074081	0.12347223	0.09632576	0.64740061
4140	0.10039490	0.03687964	0.12470348	0.10862766	0.62939432
4160	0.11240383	0.03545194	0.11403362	0.09666895	0.64144166
4180	0.11054532	0.02892722	0.12637188	0.10200255	0.63215303
4200	0.11211002	0.03610221	0.11549285	0.09740005	0.63889487
4220	0.10956349	0.02867681	0.13009264	0.11176462	0.61990244
4240	0.11988728	0.02944194	0.12233082	0.10226222	0.62607774
4260	0.11276443	0.03548290	0.10806161	0.08746490	0.65622616
4280	0.10845476	0.03035123	0.12048547	0.09557636	0.64513218
4300	0.10606436	0.03329491	0.11461477	0.11367895	0.63234700
4320	0.10876852	0.03424353	0.12501413	0.10245849	0.62951532
4340	0.10882927	0.02782308	0.11903715	0.10387024	0.64044027
4360	0.11512021	0.03046575	0.11021946	0.11442525	0.62976934
4380	0.10398619	0.03513571	0.12106604	0.10231134	0.63750073
4400	0.09719716	0.03362508	0.11612867	0.11690455	0.63614454
4420	0.11910118	0.03097230	0.11349568	0.09736284	0.63906800
4440	0.10373528	0.02819201	0.12158716	0.10113731	0.64534825
4460	0.10865739	0.03547605	0.11870806	0.09438153	0.64277697
4480	0.11443999	0.03818372	0.11429122	0.11016240	0.62292267
4500	0.10456933	0.03154094	0.11938539	0.11078629	0.63371805
4520	0.10854379	0.03276450	0.12294131	0.10632568	0.62942473
4540	0.11351997	0.03219061	0.11504293	0.10323560	0.63601088
4560	0.11124220	0.03149073	0.12513005	0.10275139	0.62938564
4580	0.10873603	0.03467105	0.10955942	0.11021361	0.63681989
4600	0.11808314	0.03101499	0.10327191	0.10805459	0.63957537
4620	0.11226330	0.03085509	0.11337943	0.09538552	0.64811667
4640	0.11402355	0.03352924	0.11198744	0.10220049	0.63825927
4660	0.11705302	0.02739143	0.12465970	0.10022304	0.63067282
4680	0.11052449	0.02862145	0.11672789	0.10563457	0.63849160
4700	0.10854199	0.03594502	0.11165954	0.11251797	0.63133548
4720	0.10383251	0.02625208	0.11882112	0.10479261	0.64630167
4740	0.11483920	0.04070024	0.11987483	0.10382972	0.62075601
4760	0.09882546	0.03334724	0.12074832	0.09971223	0.64736675
4780	0.12042862	0.02963560	0.11480504	0.09518868	0.63994207
4800	0.11101667	0.02879313	0.12722730	0.09104387	0.64191903
4820	0.12575419	0.02839869	0.11734849	0.11208723	0.61641140
4840	0.09813791	0.03099184	0.10405336	0.09281703	0.67399986
4860	0.11632448	0.02627455	0.11541220	0.09836636	0.64362241
4880	0.10716653	0.03256040	0.11464795	0.09167474	0.65395038
4900	0.11319089	0.03062995	0.10627581	0.10354760	0.64635574
4920	0.11642545	0.02891584	0.11819103	0.10021628	0.63625140
4940	0.11045021	0.02763926	0.12214022	0.09850611	0.64126420
4960	0.10604929	0.03160605	0.11542649	0.10809214	0.63882602
4980	0.11407659	0.03143063	0.11935376	0.09991300	0.63522602
5000	0.11599332	0.02598956	0.12873439	0.11160768	0.61767505
5020	0.11395999	0.03415941	0.11212216	0.11103810	0.62872034
5040	0.09904581	0.03525373	0.11496374	0.11062530	0.64011141
5060	0.11517382	0.02747485	0.11959203	0.10606158	0.63169773
5080	0.10982929	0.03503435	0.12206410	0.10590164	0.62717062
5100	0.10372343	0.03624882	0.13105279	0.10779512	0.62117984
5120	0.11637025	0.03526340	0.11736752	0.10198988	0.62900896
5140	0.11750519	0.03979118	0.12375017	0.09663043	0.62232303
5160	0.12488693	0.03863888	0.12334393	0.09222789	0.62090238
5180	0.10780969	0.03852582	0.12546044	0.10234684	0.62585721
5200	0.10593609	0.02902975	0.11864327	0.10852126	0.63786962
5220	0.10191475	0.03046847	0.11902327	0.10299486	0.64559864
5240	0.10200446	0.03510178	0.11731573	0.11065974	0.63491829
5260	0.11284087	0.02510152	0.12489673	0.10424668	0.63291420
5280	0.10149645	0.02697798	0.11917842	0.11573472	0.63661243
5300	0.11761361	0.02930054	0.12585132	0.10724669	0.61998784
5320	0.11450031	0.03786684	0.11106771	0.09196753	0.64459760
5340	0.11376768	0.03084081	0.12626499	0.09738297	0.63174355
5360	0.10217693	0.02978127	0.11886744	0.09884077	0.65033358
5380	0.12301461	0.03476263	0.11856457	0.09959700	0.62406120
5400	0.11769112	0.02862689	0.12892405	0.11254239	0.61221554
5420	0.10738199	0.03512328	0.12042237	0.11235518	0.62471719
5440	0.11021314	0.03539515	0.11594454	0.11132502	0.62712216
5460	0.10856634	0.03645284	0.12470916	0.10214378	0.62812788
5480	0.10777959	0.03083926	0.11236112	0.11558161	0.63343843
5500	0.10643895	0.03593943	0.11529686	0.10217173	0.64015303
5520	0.11006765	0.02504500	0.12398711	0.09154946	0.64935078
5540	0.12639666	0.03402855	0.12037522	0.10028558	0.61891399
5560	0.11320655	0.03086637	0.10105557	0.10642888	0.64844263
5580	0.09300770	0.02958595	0.12658932	0.11409976	0.63671726
5600	0.11065059	0.03089731	0.11219422	0.10463333	0.64162455
5620	0.11378448	0.03035211	0.11139301	0.11618440	0.62828600
5640	0.10943793	0.03553550	0.12034785	0.10509811	0.62958060
5660	0.11103618	0.02849778	0.12253658	0.10526458	0.63266488
5680	0.11386845	0.03456801	0.13529339	0.10721271	0.60905744
5700	0.10969186	0.03655653	0.12614565	0.10807174	0.61953422
5720	0.10180620	0.03262227	0.12048192	0.10700082	0.63808880
5740	0.09898323	0.02917176	0.11846832	0.11384429	0.63953240
5760	0.10397677	0.03714868	0.13262613	0.10869205	0.61755637
5780	0.11790970	0.03526471	0.11668001	0.10118846	0.62895712
5800	0.12310944	0.03822736	0.11773007	0.10542447	0.61550866
5820	0.11176085	0.02925297	0.11987480	0.11744053	0.62167085
5840	0.11321113	0.03099372	0.10788204	0.10669072	0.64122239
5860	0.10840075	0.03778635	0.11500719	0.10256531	0.63624040
5880	0.10217624	0.03054566	0.12303069	0.11331803	0.63092938
5900	0.10348389	0.03612739	0.12010271	0.09780036	0.64248565
5920	0.11724004	0.03213119	0.12766316	0.09600313	0.62696248
5940	0.10914031	0.03011684	0.13971829	0.10398446	0.61704011
5960	0.12244505	0.03348368	0.12830391	0.10811633	0.60765102
5980	0.11290240	0.02900473	0.11690224	0.10388875	0.63730187
6000	0.09950177	0.03457241	0.10643393	0.09743074	0.66206115
6020	0.09827571	0.03601046	0.12182778	0.10348200	0.64040404
6040	0.10314946	0.03242536	0.12099748	0.10502732	0.63840037
6060	0.10989594	0.03947890	0.11050774	0.10586296	0.63425446
6080	0.11282298	0.03323486	0.11448994	0.10388355	0.63556866
6100	0.10557481	0.03295290	0.10945641	0.10522510	0.64679079
6120	0.11269139	0.03862705	0.11180123	0.11447015	0.62241019
6140	0.10538183	0.03429341	0.11322302	0.09564666	0.65145508
6160	0.10778854	0.03213291	0.10832439	0.12051174	0.63124242
6180	0.12031906	0.03045590	0.11893388	0.09557594	0.63471523
6200	0.11685950	0.03319050	0.12432320	0.11355976	0.61206704
6220	0.10952740	0.03135609	0.13510405	0.09511478	0.62889768
6240	0.11329760	0.02923865	0.11845837	0.10212218	0.63688320
6260	0.11315547	0.03491604	0.11271772	0.11218821	0.62702256
6280	0.10933332	0.03141391	0.11589197	0.10808026	0.63528053
6300	0.10496895	0.02607949	0.11526524	0.10313016	0.65055615
6320	0.11694193	0.03276859	0.12628829	0.10394594	0.62005524
6340	0.10736434	0.03154257	0.12393898	0.10580454	0.63134958
6360	0.09283758	0.03296710	0.11722786	0.10654795	0.65041952
6380	0.11573237	0.03727074	0.11478110	0.10939447	0.62282133
6400	0.10885093	0.04107682	0.12584319	0.09566723	0.62856182
6420	0.11758760	0.03536929	0.11832954	0.10296763	0.62574594
6440	0.11741138	0.03591247	0.12164746	0.10205326	0.62297543
6460	0.10555203	0.03184804	0.11987239	0.10336794	0.63935960
6480	0.10643730	0.03109692	0.11740197	0.10080665	0.64425716
6500	0.11141135	0.03490013	0.12602964	0.09903274	0.62862613
6520	0.11430058	0.02775057	0.11004426	0.09799882	0.64990576
6540	0.10332137	0.03697421	0.11629111	0.10279944	0.64061387
6560	0.10105771	0.03035054	0.11166049	0.10770963	0.64922163
6580	0.11957908	0.02751376	0.11903432	0.09378743	0.64008542
6600	0.10563333	0.02765417	0.12240997	0.09970122	0.64460132
6620	0.10478228	0.02934615	0.11596304	0.10229345	0.64761509
6640	0.10511834	0.02881727	0.13096420	0.09820002	0.63690017
6660	0.11992827	0.03385815	0.11271606	0.11615237	0.61734515
6680	0.09946880	0.03386503	0.11918934	0.11095542	0.63652142
6700	0.10427002	0.03988271	0.10740822	0.11422008	0.63421898
6720	0.10409981	0.03568695	0.10393212	0.11508095	0.64120017
6740	0.10939075	0.02901440	0.12728307	0.09986306	0.63444872
6760	0.11080472	0.02908847	0.12781340	0.08976064	0.64253277
6780	0.09838944	0.02642644	0.11518040	0.10826837	0.65173534
6800	0.11149405	0.03247980	0.12191704	0.10551368	0.62859542
6820	0.11716623	0.02893804	0.10432133	0.11689750	0.63267690
6840	0.11174049	0.03437783	0.11879144	0.09988561	0.63520463
6860	0.11446290	0.03727231	0.12267047	0.09855706	0.62703726
6880	0.10801136	0.03035673	0.11440540	0.10775312	0.63947340
6900	0.10661363	0.03038992	0.13453504	0.09880714	0.62965427
6920	0.10860872	0.03043458	0.11667046	0.09458428	0.64970196
6940	0.11332372	0.03471464	0.11019074	0.10304233	0.63872856
6960	0.10487309	0.03111568	0.13316718	0.10807846	0.62276560
6980	0.11139985	0.02781629	0.12344249	0.09701296	0.64032842
7000	0.10467511	0.03718268	0.11066950	0.09876162	0.64871109
7020	0.10302819	0.03410417	0.11286397	0.11536710	0.63463657
7040	0.11388579	0.03716135	0.11674556	0.12116297	0.61104434
7060	0.10612637	0.03621988	0.12056359	0.09883670	0.63825347
7080	0.10656546	0.03432434	0.10597579	0.10208691	0.65104751
7100	0.11332267	0.02997028	0.11596697	0.09738297	0.64335712
7120	0.09808366	0.03367519	0.11816255	0.09811280	0.65196580
7140	0.11630468	0.02884216	0.12214919	0.10992177	0.62278220
7160	0.11304648	0.03964927	0.12444317	0.11763492	0.60522616
7180	0.11936470	0.03931003	0.11886540	0.10344638	0.61901349
7200	0.10951095	0.03554218	0.12936565	0.09774896	0.62783225
7220	0.11919046	0.03774380	0.12649183	0.09527485	0.62129906
7240	0.11165881	0.02887815	0.12098755	0.09237268	0.64610280
7260	0.10210309	0.03727280	0.12942085	0.11792287	0.61328038
7280	0.12356434	0.03789861	0.12588339	0.09968198	0.61297167
7300	0.11233497	0.02898814	0.11203638	0.10999973	0.63664077
7320	0.11809737	0.03224379	0.10661642	0.12124465	0.62179776
7340	0.11802035	0.03017835	0.12051942	0.10472712	0.62655475
7360	0.11252501	0.03924799	0.10782652	0.10077363	0.63962685
7380	0.11417789	0.03162662	0.11761692	0.10561184	0.63096674
7400	0.10128753	0.03123247	0.12472394	0.10811158	0.63464448
7420	0.10497540	0.03408891	0.13142485	0.10051355	0.62899730
7440	0.12105809	0.02792442	0.11621931	0.10353349	0.63126470
7460	0.09277714	0.03130481	0.11857241	0.09063736	0.66670828
7480	0.12023270	0.03092764	0.13063022	0.10657568	0.61163376
7500	0.09493677	0.03562651	0.11817542	0.11459645	0.63666484
7520	0.11482699	0.03013645	0.12174069	0.09579609	0.63749977
7540	0.10286232	0.03077610	0.12248844	0.10885464	0.63501849
7560	0.11511748	0.02955747	0.11311158	0.11016613	0.63204734
7580	0.10564125	0.03447615	0.12654835	0.09514062	0.63819362
7600	0.10839644	0.02530063	0.13624307	0.09881771	0.63124215
7620	0.12165063	0.03007013	0.12134249	0.09819593	0.62874082
7640	0.10960341	0.03360547	0.11533136	0.10297422	0.63848554
7660	0.11762100	0.02847183	0.11307352	0.10305753	0.63777612
7680	0.12556895	0.02911290	0.11984887	0.10117543	0.62429384
7700	0.11215269	0.03358769	0.11469572	0.09692410	0.64263980
7720	0.11035095	0.03753946	0.11278165	0.09847389	0.64085406
7740	0.11491210	0.03319354	0.11636186	0.09285895	0.64267355
7760	0.11118791	0.03429842	0.12413497	0.11417003	0.61620866
7780	0.10370624	0.02942438	0.13561909	0.10711149	0.62413880
7800	0.11058161	0.03208985	0.11788570	0.10797465	0.63146819
7820	0.12107531	0.03101490	0.11871232	0.10731831	0.62187915
7840	0.11305210	0.02914457	0.13100133	0.09666488	0.63013712
7860	0.11438776	0.02792579	0.11586544	0.10239837	0.63942264
7880	0.10297619	0.02857170	0.12069739	0.11270362	0.63505110
7900	0.12209462	0.03797265	0.11472360	0.09723539	0.62797375
7920	0.11203798	0.02957189	0.10710600	0.09605233	0.65523179
7940	0.10505696	0.03765885	0.11927416	0.10692712	0.63108291
7960	0.11649837	0.03404968	0.12589368	0.09602513	0.62753313
7980	0.11087422	0.03420322	0.12298095	0.12070784	0.61123377
8000	0.10168971	0.02741717	0.11620840	0.10202911	0.65265561
8020	0.10177965	0.03536028	0.12944968	0.09929466	0.63411573
8040	0.10490451	0.03117894	0.11766730	0.10509712	0.64115212
8060	0.11404012	0.03201790	0.12573126	0.11213443	0.61607628
8080	0.10356573	0.02941789	0.12670677	0.10358098	0.63672862
8100	0.10585455	0.03431981	0.12282673	0.11122086	0.62577805
8120	0.10570972	0.03031417	0.11570812	0.10239451	0.64587348
8140	0.11299866	0.03732078	0.12777006	0.09885720	0.62305330
8160	0.12064967	0.03130471	0.11572211	0.11096585	0.62135767
8180	0.11141831	0.03388261	0.10833734	0.10909651	0.63726523
8200	0.10723878	0.03620173	0.11396390	0.10378638	0.63880921
8220	0.12560599	0.03788169	0.10859665	0.11568078	0.61223489
8240	0.10939298	0.03156909	0.13261982	0.09999703	0.62642108
8260	0.09205859	0.02606455	0.11730450	0.10474838	0.65982397
8280	0.09649633	0.03114224	0.12061382	0.11613930	0.63560831
8300	0.10596384	0.03734076	0.11718934	0.11296988	0.62653618
8320	0.10720727	0.03012501	0.12208972	0.11233807	0.62823994
8340	0.09569393	0.03554326	0.13602158	0.10030354	0.63243768
8360	0.11081726	0.03041821	0.11615332	0.10429799	0.63831321
8380	0.11164962	0.03142851	0.12536175	0.09993653	0.63162358
8400	0.10482761	0.03109700	0.11872100	0.10297084	0.64238354
8420	0.12493257	0.03892682	0.11827278	0.11107672	0.60679110
8440	0.09856732	0.03648800	0.11441127	0.10191349	0.64861992
8460	0.11536787	0.03602176	0.13156639	0.08844269	0.62860130
8480	0.10826934	0.03206951	0.11772103	0.11306320	0.62887693
8500	0.12370902	0.03513552	0.11419195	0.10765549	0.61930802
8520	0.10487565	0.03593240	0.13000919	0.09558018	0.63360257
8540	0.09866610	0.03057881	0.13314586	0.10125906	0.63635017
8560	0.10398508	0.03433593	0.11653970	0.11222781	0.63291149
8580	0.11001034	0.03156923	0.12054399	0.09727553	0.64060091
8600	0.11981446	0.03913210	0.12366050	0.10343120	0.61396173
8620	0.10721588	0.03151838	0.12605959	0.09914867	0.63605747
8640	0.11649701	0.02958562	0.11326771	0.10662268	0.63402697
8660	0.11773504	0.02902720	0.12372545	0.09177181	0.63774049
8680	0.10121496	0.03218361	0.12735264	0.09467391	0.64457488
8700	0.11801858	0.03295745	0.11202741	0.10292952	0.63406704
8720	0.11098561	0.03901369	0.13597522	0.10965339	0.60437209
8740	0.10322839	0.03682560	0.12413978	0.10699969	0.62880654
8760	0.11026399	0.04032408	0.11112740	0.10218003	0.63610450
8780	0.11124675	0.02956381	0.12295920	0.10442439	0.63180586
8800	0.11607576	0.03693090	0.11048109	0.10772002	0.62879222
8820	0.10791275	0.03538583	0.11821695	0.09677244	0.64171203
8840	0.10045439	0.03836144	0.12022906	0.10863217	0.63232294
8860	0.09984915	0.02784661	0.12420931	0.12866273	0.61943219
8880	0.11658438	0.02669735	0.11355213	0.09359349	0.64957266
8900	0.11601252	0.03020916	0.12515816	0.10115286	0.62746731
8920	0.09929348	0.03207682	0.12288748	0.10173876	0.64400345
8940	0.11272923	0.02670019	0.12581356	0.10931723	0.62543979
8960	0.12205719	0.03478813	0.13193000	0.10209799	0.60912669
8980	0.11417117	0.03571746	0.12493430	0.10923541	0.61594167
9000	0.10549938	0.02831716	0.12077259	0.09845516	0.64695571
9020	0.09992200	0.03252148	0.12430703	0.10045951	0.64278996
9040	0.12439507	0.02783479	0.11121166	0.10513434	0.63142414
9060	0.10697573	0.03283091	0.12030269	0.10147775	0.63841292
9080	0.12263110	0.02797553	0.11899930	0.10731068	0.62308339
9100	0.10156451	0.03539823	0.11831681	0.10509934	0.63962110
9120	0.11148432	0.03269191	0.12109653	0.10523739	0.62948985
9140	0.10385175	0.03293574	0.12222021	0.11207960	0.62891269
9160	0.11937067	0.03108963	0.11603759	0.09017806	0.64332405
9180	0.10936954	0.03454470	0.11046991	0.11002932	0.63558653
9200	0.11076134	0.03134405	0.12913226	0.10482269	0.62393966
9220	0.10365094	0.03352322	0.11687037	0.10242245	0.64353301
9240	0.11465167	0.02983494	0.12520924	0.10632365	0.62398050
9260	0.10860499	0.02995372	0.11584418	0.09669874	0.64889837
9280	0.10958484	0.03063337	0.12409055	0.10617375	0.62951749
9300	0.10536925	0.03152072	0.11228354	0.10106978	0.64975671
9320	0.10294541	0.03343141	0.12052067	0.10271207	0.64039045
9340	0.09911392	0.03808088	0.12727694	0.11139655	0.62413172
9360	0.11947862	0.03145593	0.11993314	0.10171897	0.62741334
9380	0.11025764	0.03155358	0.11941155	0.11441165	0.62436558
9400	0.11102561	0.03202407	0.11898546	0.11261227	0.62535260
9420	0.12096292	0.03626138	0.11382553	0.10742660	0.62152357
9440	0.10611616	0.03911983	0.12235212	0.10176926	0.63064263
9460	0.11050081	0.03370185	0.13262934	0.10131267	0.62185532
9480	0.11926911	0.03472356	0.11135739	0.09819233	0.63645761
9500	0.10139598	0.02897835	0.13042569	0.11337576	0.62582423
9520	0.11671848	0.02460888	0.11942010	0.10852365	0.63072888
9540	0.10586879	0.02859327	0.12420622	0.09875204	0.64257967
9560	0.10915580	0.02933393	0.12283083	0.08921904	0.64946040
9580	0.09942632	0.03193126	0.11604078	0.09137742	0.66122422
9600	0.12298181	0.03671372	0.11938606	0.09823761	0.62268082
9620	0.10116681	0.02853973	0.12666885	0.10902973	0.63459488
9640	0.11909869	0.02748797	0.11317003	0.10797569	0.63226762
9660	0.11616418	0.03292244	0.10606478	0.11651517	0.62833344
9680	0.11676104	0.02489979	0.12040780	0.12058024	0.61735112
9700	0.09315449	0.03875911	0.12108137	0.10488475	0.64212027
9720	0.11770272	0.03700405	0.10522699	0.10017094	0.63989531
9740	0.11088175	0.03420220	0.12302048	0.10546584	0.62642973
9760	0.11070487	0.03303796	0.11680611	0.10844114	0.63100992
9780	0.11982885	0.03536985	0.12374028	0.09376090	0.62730012
9800	0.11270028	0.04127563	0.11342369	0.10427677	0.62832364
9820	0.12124360	0.03275101	0.11947961	0.10423327	0.62229250
9840	0.11587157	0.03569822	0.12371779	0.09595611	0.62875631
9860	0.11820318	0.03497143	0.10984738	0.10578410	0.63119391
9880	0.11390201	0.03579531	0.12334977	0.09636461	0.63058829
9900	0.11678698	0.03369245	0.11775277	0.10362646	0.62814135
9920	0.10964239	0.03225882	0.10756770	0.11298139	0.63754971
9940	0.11020834	0.02526753	0.11874410	0.09648679	0.64929325
9960	0.11436007	0.03779418	0.11513967	0.11035515	0.62235093
9980	0.10339502	0.02906140	0.12705792	0.10739848	0.63308718
10000	0.11435565	0.03259231	0.11464001	0.08967865	0.64873338
10020	0.12807935	0.03451068	0.11505951	0.09734315	0.62500731
10040	0.11329475	0.03398817	0.11787671	0.11360363	0.62123674
10060	0.12304892	0.03516672	0.12381761	0.10470370	0.61326305
10080	0.11795350	0.03622165	0.11367819	0.10603307	0.62611359
10100	0.10091013	0.03964974	0.12669473	0.10515872	0.62758669
10120	0.10884939	0.03103020	0.11380427	0.11248685	0.63382929
10140	0.10176253	0.03703355	0.12874458	0.09118880	0.64127053
10160	0.10981092	0.02940759	0.12908295	0.10733626	0.62436227
10180	0.11208127	0.03843159	0.11254530	0.10568473	0.63125711
10200	0.10193976	0.03778936	0.11902290	0.08964261	0.65160537
10220	0.10816998	0.02955506	0.11069220	0.11089591	0.64068684
10240	0.10864419	0.03605470	0.12144289	0.11510625	0.61875196
10260	0.11524382	0.03183282	0.11185595	0.11160811	0.62945930
10280	0.11056199	0.02689910	0.12010292	0.09934062	0.64309538
10300	0.11539825	0.03003098	0.10272966	0.11282536	0.63901575
10320	0.12032846	0.02746101	0.12537889	0.09760466	0.62922698
10340	0.10173896	0.03065174	0.12002274	0.10807652	0.63951004
10360	0.10089511	0.03200655	0.11959324	0.10769883	0.63980628
10380	0.09800951	0.03205801	0.13388351	0.10398883	0.63206014
10400	0.10848378	0.03456399	0.12163721	0.11982037	0.61549465
10420	0.11064968	0.03127773	0.12501780	0.10505335	0.62800144
10440	0.10796894	0.03153588	0.13085411	0.10560682	0.62403425
10460	0.11456701	0.03352269	0.11832031	0.10249233	0.63109767
10480	0.11453109	0.03275746	0.11284713	0.10587072	0.63399360
10500	0.11287119	0.03284014	0.12468491	0.09154817	0.63805559
10520	0.10615727	0.03529019	0.11035910	0.11867847	0.62951498
10540	0.10430471	0.03493044	0.13297986	0.11294786	0.61483713
10560	0.11308709	0.03411875	0.10536903	0.11284217	0.63458297
10580	0.11462385	0.03255884	0.11649622	0.10192878	0.63439231
10600	0.09958971	0.03467867	0.12285332	0.10952289	0.63335541
10620	0.11758838	0.03264917	0.12101374	0.10644892	0.62229979
10640	0.12252336	0.03496745	0.11300717	0.09568835	0.63381367
10660	0.11937313	0.03753072	0.12849450	0.09961858	0.61498307
10680	0.11568446	0.03427787	0.12852119	0.09050489	0.63101160
10700	0.11513742	0.03948701	0.11306584	0.09824305	0.63406668
10720	0.10664418	0.03096015	0.13409932	0.09489433	0.63340202
10740	0.10411037	0.03228091	0.12139169	0.09525081	0.64696621
10760	0.10660227	0.02695906	0.11923712	0.10134432	0.64585721
10780	0.11305004	0.03166722	0.11411995	0.11729849	0.62386430
10800	0.09294025	0.03453593	0.12412772	0.10287656	0.64551953
10820	0.10837139	0.03917350	0.11541538	0.10821997	0.62881976
10840	0.11565093	0.03826584	0.12204302	0.10025569	0.62378453
10860	0.10644332	0.03624083	0.11651530	0.09401377	0.64678679
10880	0.11764694	0.03407144	0.11026618	0.11243680	0.62557864
10900	0.11277876	0.02961100	0.11122211	0.10172284	0.64466528
10920	0.10147085	0.03157356	0.12581814	0.09646121	0.64467624
10940	0.10715565	0.03806616	0.10598779	0.10687193	0.64191847
10960	0.11718417	0.02477554	0.11699088	0.10484634	0.63620306
10980	0.11385201	0.03112276	0.11902912	0.10279278	0.63320334
11000	0.10016786	0.03574911	0.12031240	0.08808753	0.65568310
11020	0.10793676	0.04109623	0.10666268	0.10694559	0.63735874
11040	0.10755289	0.03402084	0.11759822	0.10188531	0.63894273
11060	0.10456276	0.03685505	0.11064121	0.10852702	0.63941396
11080	0.11367452	0.04027110	0.11216562	0.10189809	0.63199068
11100	0.09646762	0.03056235	0.11623334	0.10051612	0.65622057
11120	0.11161329	0.03087277	0.12269886	0.10526101	0.62955408
11140	0.09928700	0.03506305	0.13637773	0.10019050	0.62908171
11160	0.10755966	0.03031087	0.11523411	0.09711694	0.64977842
11180	0.11349435	0.03169399	0.11753296	0.10690250	0.63037620
11200	0.11122423	0.03520222	0.11664699	0.09962414	0.63730242
11220	0.10014748	0.03164692	0.11832837	0.10256191	0.64731531
11240	0.11503029	0.03188625	0.11673754	0.11082338	0.62552254
11260	0.11677630	0.03006604	0.12168641	0.10252524	0.62894601
11280	0.10342308	0.03599619	0.10897819	0.10181927	0.64978328
11300	0.11154605	0.03070272	0.11895688	0.09285490	0.64593945
11320	0.11296787	0.02657516	0.12793670	0.09795103	0.63456924
11340	0.10223537	0.03213215	0.12013924	0.11064159	0.63485165
11360	0.10783644	0.02910417	0.11270773	0.10670425	0.64364742
11380	0.12302874	0.03097388	0.11290848	0.11332885	0.61976007
11400	0.10151637	0.03196628	0.11760199	0.09720842	0.65170695
11420	0.11877513	0.03425555	0.11756034	0.11483037	0.61457860
11440	0.10111556	0.03413380	0.11607856	0.10166400	0.64700808
11460	0.11024567	0.02804626	0.11646477	0.10819510	0.63704820
11480	0.12148940	0.03326340	0.11960604	0.10371728	0.62192388
11500	0.11078740	0.03080252	0.12366759	0.10983752	0.62490497
11520	0.11320545	0.03033094	0.12555108	0.10728645	0.62362608
11540	0.10966169	0.02656125	0.12107987	0.09033480	0.65236238
11560	0.11777790	0.02839969	0.12003200	0.09272437	0.64106603
11580	0.11218201	0.03623956	0.12422431	0.10806501	0.61928911
11600	0.10714705	0.03055065	0.12649675	0.10639882	0.62940673
11620	0.11871424	0.03005023	0.12636736	0.10389039	0.62097779
11640	0.12228353	0.02968540	0.11784777	0.10668439	0.62349891
11660	0.10714858	0.02833826	0.12269106	0.09847204	0.64335006
11680	0.11163347	0.03847717	0.11468316	0.10496530	0.63024090
11700	0.12119578	0.03169928	0.12201602	0.10030090	0.62478802
11720	0.10246098	0.03825369	0.11986890	0.11112806	0.62828836
11740	0.10209748	0.03100608	0.13367447	0.09010122	0.64312076
11760	0.10628260	0.03053374	0.11702326	0.10156135	0.64459904
11780	0.10911983	0.03003158	0.11871829	0.09924734	0.64288296
11800	0.11636371	0.02894546	0.11790269	0.09937448	0.63741366
11820	0.11817848	0.03095286	0.11554311	0.09693712	0.63838843
11840	0.11782109	0.03598708	0.11195845	0.09727762	0.63695577
11860	0.10494395	0.03058493	0.11503754	0.11393761	0.63549597
11880	0.10779214	0.02723840	0.12302038	0.10883664	0.63311244
11900	0.10613049	0.03353753	0.12220945	0.09827425	0.63984828
11920	0.10083960	0.03055841	0.11550624	0.09731214	0.65578362
11940	0.11232675	0.03753851	0.11261405	0.10310680	0.63441388
11960	0.11370987	0.03345901	0.11519515	0.11470883	0.62292714
11980	0.09916828	0.03131647	0.12595002	0.10743261	0.63613262
12000	0.11174029	0.03475660	0.12581090	0.08924049	0.63845173
12020	0.12077502	0.03014811	0.12670370	0.09804970	0.62432348
12040	0.11380300	0.03042898	0.12765162	0.11108817	0.61702823
12060	0.11292482	0.03063895	0.12381746	0.09792005	0.63469872
12080	0.12338853	0.03312949	0.12721265	0.10578429	0.61048504
12100	0.11295520	0.03461841	0.11857646	0.10419122	0.62965871
12120	0.10489276	0.03277879	0.11942121	0.09296684	0.64994040
12140	0.12568590	0.03820355	0.11551943	0.11345596	0.60713515
12160	0.10680584	0.04071814	0.12009059	0.10604846	0.62633697
12180	0.11730477	0.03436707	0.11991928	0.10187917	0.62652972
12200	0.10236673	0.03116685	0.12337559	0.11165834	0.63143249
12220	0.11481678	0.03795535	0.11397403	0.11715998	0.61609386
12240	0.09841974	0.03062020	0.11698431	0.09974320	0.65423256
12260	0.11517810	0.03887037	0.11831413	0.12663191	0.60100548
12280	0.09818159	0.03091611	0.12126974	0.11133033	0.63830224
12300	0.12552428	0.02847879	0.13123220	0.10968297	0.60508176
12320	0.11102993	0.03281174	0.12672078	0.09120882	0.63822873
12340	0.10497520	0.03463227	0.11848791	0.10693083	0.63497378
12360	0.11681450	0.03086892	0.11969370	0.10190934	0.63071355
12380	0.10225533	0.03583986	0.12519921	0.09428265	0.64242295
12400	0.11916080	0.02685147	0.11476913	0.10025263	0.63896598
12420	0.10339233	0.03547267	0.12275635	0.09817727	0.64020138
12440	0.10824114	0.03280013	0.12424682	0.10525026	0.62946166
12460	0.10741379	0.03122737	0.11912991	0.08518291	0.65704602
12480	0.10536344	0.02643000	0.11958338	0.11989902	0.62872416
12500	0.11433913	0.03478459	0.11752602	0.08714591	0.64620435
12520	0.10316505	0.03210010	0.11861285	0.10379307	0.64232894
12540	0.10982355	0.03539224	0.11587192	0.10167777	0.63723452
12560	0.10680349	0.03117893	0.10760649	0.09360330	0.66080779
12580	0.12250600	0.02845522	0.11572687	0.10388384	0.62942806
12600	0.09667809	0.03177278	0.12960360	0.10147387	0.64047165
12620	0.10662937	0.02728060	0.12018321	0.10385762	0.64204919
12640	0.10282871	0.03323449	0.10560479	0.09869770	0.65963431
12660	0.09989602	0.03561715	0.11838763	0.09864032	0.64745888
12680	0.10186447	0.03836160	0.12419178	0.09416064	0.64142151
12700	0.11513778	0.03421952	0.11179792	0.09459578	0.64424900
12720	0.10631280	0.03641043	0.12548229	0.10287103	0.62892345
12740	0.11600263	0.03073055	0.11863431	0.10838971	0.62624281
12760	0.11280001	0.03372299	0.11781173	0.08856283	0.64710244
12780	0.11527390	0.03292233	0.11984038	0.10237380	0.62958958
12800	0.11863406	0.03346540	0.11777544	0.11289734	0.61722776
12820	0.10970499	0.03458065	0.12010503	0.09657124	0.63903808
12840	0.11061637	0.02935959	0.10717768	0.10905677	0.64378959
12860	0.11220711	0.03283369	0.12264285	0.10750710	0.62480925
12880	0.11352211	0.03171741	0.12446330	0.09408773	0.63620945
12900	0.10405589	0.03211769	0.12528322	0.10173129	0.63681191
12920	0.11164077	0.03158067	0.12134643	0.09345207	0.64198007
12940	0.11764056	0.02816691	0.12274706	0.10797719	0.62346828
12960	0.10746709	0.03384372	0.12039823	0.11310259	0.62518837
12980	0.10240294	0.03268122	0.11756996	0.09438884	0.65295705
13000	0.11498125	0.03183935	0.11912969	0.09983231	0.63421740
13020	0.11937099	0.03349804	0.10915354	0.10488380	0.63309363
13040	0.11524072	0.03088397	0.12702216	0.10443442	0.62241872
13060	0.11780701	0.03267449	0.12402628	0.10966815	0.61582407
13080	0.11866202	0.03106836	0.11068230	0.09558801	0.64399932
13100	0.11131864	0.03249952	0.11938776	0.11576596	0.62102812
13120	0.10563671	0.03496254	0.11056067	0.10658970	0.64225038
13140	0.10032883	0.02744734	0.10751022	0.10157477	0.66313884
13160	0.12005870	0.03094531	0.13116352	0.11048896	0.60734351
13180	0.11423864	0.02404402	0.11784306	0.09704830	0.64682598
13200	0.11536666	0.03531582	0.11710515	0.10170958	0.63050279
