## reporting unit PofZ values from gsi_sim.  These are plug-in values of type indicated by the file name
IndivName	LocNum	Norton	Upper_Yukon	Middle_Yukon	Lower_Yukon	Bristol_Bay_Kusk
KANDR03_1	280	0.00000790	0.00000000	0.00000000	0.97800428	0.02198782
KANDR03_2	281	0.00014332	0.00000000	0.00000000	0.94026991	0.05958677
KANDR03_3	280	0.00742732	0.00000000	0.00000000	0.31664760	0.67592509
KANDR03_4	281	0.00000381	0.00000000	0.00000000	0.99881372	0.00118247
KANDR03_5	281	0.00000502	0.00000000	0.00000000	0.99983263	0.00016234
KANDR03_6	280	0.00037355	0.00000000	0.00000000	0.87656419	0.12306226
KANDR03_7	280	0.00008456	0.00000000	0.00000000	0.02484121	0.97507423
KANDR03_8	281	0.00010182	0.00000000	0.00000000	0.93040363	0.06949454
KANDR03_9	281	0.00027458	0.00000000	0.00000000	0.94640585	0.05331958
KANDR03_10	281	0.00001773	0.00000000	0.00000000	0.99181307	0.00816920
KANDR03_11	280	0.00005435	0.00000000	0.00000000	0.88246630	0.11747935
KANDR03_12	281	0.00000654	0.00000000	0.00000000	0.96155825	0.03843521
KANDR03_13	281	0.24050231	0.00000000	0.00000000	0.52985099	0.22964669
KANDR03_14	281	0.00014519	0.00000000	0.00000000	0.93486595	0.06498886
KANDR03_15	280	0.00831693	0.00000000	0.00000000	0.03635530	0.95532777
KANDR03_16	280	0.00013622	0.00000000	0.00000058	0.92517260	0.07469060
KANDR03_17	281	0.00037197	0.00000000	0.00000000	0.35660441	0.64302362
KANDR03_18	281	0.00006668	0.00000000	0.00000008	0.51001623	0.48991701
KANDR03_19	281	0.00000381	0.00000000	0.00000000	0.99881372	0.00118247
KANDR03_20	281	0.00334410	0.00000000	0.00000000	0.89374799	0.10290790
KANDR03_21	280	0.01444517	0.00000000	0.00000000	0.84965879	0.13589604
KANDR03_22	280	0.00011956	0.00000000	0.00000000	0.03239415	0.96748629
KANDR03_23	279	0.00000367	0.00000000	0.00000000	0.88564424	0.11435209
KANDR03_24	281	0.00670142	0.00000000	0.00000000	0.51450990	0.47878867
KANDR03_25	281	0.00004906	0.00000000	0.00000000	0.91202210	0.08792884
KANDR03_26	280	0.01808670	0.00000000	0.00000000	0.13509919	0.84681410
KANDR03_27	279	0.00150775	0.00000000	0.00000000	0.92212834	0.07636392
KANDR03_28	279	0.00327917	0.00000000	0.00000000	0.60423928	0.39248156
KANDR03_29	278	0.01960821	0.00000000	0.00000000	0.05963588	0.92075591
KANDR03_30	281	0.00186500	0.00000000	0.00000000	0.93994089	0.05819411
KANDR03_31	281	0.00004293	0.00000000	0.00000000	0.99647442	0.00348265
KANDR03_32	278	0.00124388	0.00000000	0.00000000	0.50367055	0.49508557
KANDR03_33	270	0.00102822	0.00000000	0.00000000	0.62521834	0.37375345
KANDR03_34	277	0.00000901	0.00000000	0.00000000	0.99158254	0.00840845
KANDR03_35	280	0.00013672	0.00000000	0.00000000	0.88545923	0.11440406
KANDR03_36	281	0.00863161	0.00000000	0.00000000	0.95246743	0.03890096
KANDR03_37	274	0.00003490	0.00000000	0.00083914	0.96921455	0.02991141
KANDR03_38	281	0.00063638	0.00000000	0.00000008	0.78871453	0.21064901
KANDR03_39	281	0.00001982	0.00000000	0.00000000	0.98252458	0.01745560
KANDR03_40	281	0.00309764	0.00000000	0.00000000	0.94457043	0.05233193
KANDR03_41	280	0.56256553	0.00000000	0.00000000	0.40823191	0.02920256
KANDR03_42	280	0.00107215	0.00000000	0.00000000	0.96311959	0.03580826
KANDR03_43	280	0.19526207	0.00000000	0.00000000	0.77176437	0.03297356
KANDR03_44	280	0.00006510	0.00000000	0.00000000	0.98451938	0.01541552
KANDR03_45	279	0.00005217	0.00000000	0.00000000	0.93258722	0.06736062
KANDR03_46	278	0.00001538	0.00000000	0.00000000	0.94918819	0.05079642
KANDR03_47	279	0.37481694	0.00000000	0.00000000	0.60305726	0.02212580
KANDR03_48	280	0.00010665	0.00000000	0.00000000	0.67300535	0.32688800
KANDR03_49	281	0.00008488	0.00000000	0.00000000	0.98739805	0.01251707
KANDR03_50	281	0.00552150	0.00000000	0.00000000	0.66514066	0.32933784
KANDR03_51	281	0.00008634	0.00000000	0.00000000	0.45652056	0.54339310
KANDR03_52	280	0.01287436	0.00000000	0.00000000	0.59797650	0.38914914
KANDR03_53	279	0.00026505	0.00000000	0.00000000	0.55587260	0.44386235
KANDR03_54	280	0.00037898	0.00000000	0.00000000	0.99667368	0.00294734
KANDR03_55	276	0.00019766	0.00000000	0.00000000	0.99335077	0.00645157
KANDR03_56	281	0.00000754	0.00000000	0.00000000	0.09973404	0.90025842
KANDR03_57	280	0.00001252	0.00000000	0.00000001	0.99380607	0.00618141
KANDR03_58	280	0.00247789	0.00000000	0.00000000	0.57425419	0.42326792
KANDR03_59	281	0.00014489	0.00000000	0.00000000	0.99911356	0.00074156
KANDR03_60	281	0.76598680	0.00000000	0.00000000	0.08216308	0.15185011
KANDR03_61	281	0.00006209	0.00000000	0.00000000	0.99883950	0.00109842
KANDR03_62	279	0.00000379	0.00000000	0.00000000	0.98484684	0.01514937
KANDR03_63	281	0.00000066	0.00000000	0.00000000	0.99903919	0.00096016
KANDR03_64	281	0.00000923	0.00000000	0.00000000	0.99561403	0.00437674
KANDR03_65	279	0.00253990	0.00000000	0.00000000	0.55989445	0.43756565
KANDR03_66	281	0.00034758	0.00000000	0.00000000	0.91414524	0.08550718
KANDR03_67	281	0.00061240	0.00000000	0.00000000	0.25965335	0.73973425
KANDR03_68	281	0.00009359	0.00000000	0.00000000	0.98604733	0.01385909
KANDR03_69	281	0.00003270	0.00000000	0.00000000	0.88658617	0.11338112
KANDR03_70	281	0.00025726	0.00000000	0.00000253	0.85643021	0.14330999
KANDR03_71	280	0.00011920	0.00000000	0.00000000	0.15508035	0.84480045
KANDR03_72	281	0.00016419	0.00000000	0.00000000	0.15312352	0.84671229
KANDR03_73	281	0.00303439	0.00000000	0.00000000	0.45213027	0.54483534
KANDR03_74	281	0.00000483	0.00000000	0.00000000	0.99709643	0.00289874
KANDR03_75	281	0.00081895	0.00000000	0.00000001	0.98882223	0.01035881
KANDR03_76	281	0.00213349	0.00000000	0.00000001	0.87504579	0.12282072
KANDR03_77	281	0.00000278	0.00000000	0.00000000	0.99636407	0.00363315
KANDR03_78	280	0.05672709	0.00000000	0.00000000	0.37333528	0.56993763
KANDR03_79	281	0.00095259	0.00000000	0.00000000	0.98524165	0.01380576
KANDR03_80	281	0.00032872	0.00000000	0.00000000	0.89211598	0.10755530
KANDR03_81	281	0.00651899	0.00000000	0.00000000	0.96224130	0.03123971
KANDR03_82	280	0.01008446	0.00000000	0.00000000	0.11303088	0.87688466
KANDR03_83	280	0.00028349	0.00000000	0.00000000	0.97541655	0.02429996
KANDR03_84	281	0.00034549	0.00000000	0.00000000	0.63918192	0.36047259
KANDR03_85	281	0.00020922	0.00000000	0.00000000	0.94584864	0.05394214
KANDR03_86	279	0.00000989	0.00000000	0.00000000	0.97685885	0.02313126
KANDR03_87	280	0.00458828	0.00000000	0.00000000	0.90477076	0.09064096
KANDR03_88	278	0.00057609	0.00000000	0.00000000	0.15324503	0.84617888
KANDR03_89	281	0.00001845	0.00000000	0.00000000	0.90069842	0.09928313
KANDR03_90	278	0.00007733	0.00000000	0.00000000	0.96404016	0.03588251
KANVI07_1	280	0.00002441	0.00000000	0.00000000	0.47499150	0.52498409
KANVI07_2	281	0.00668680	0.00000000	0.00001730	0.76434482	0.22895107
KANVI07_3	280	0.00022343	0.00000000	0.00000000	0.93238237	0.06739420
KANVI07_4	279	0.00004066	0.00000000	0.00000011	0.99988933	0.00006990
KANVI07_5	281	0.00001030	0.00000000	0.00000000	0.93521986	0.06476984
KANVI07_6	281	0.00000020	0.00000000	0.00000000	0.99996418	0.00003563
KANVI07_7	280	0.00005617	0.00000000	0.00000000	0.99967371	0.00027012
KANVI07_8	280	0.01139756	0.00000000	0.00000011	0.95771614	0.03088619
KANVI07_9	281	0.00009212	0.00000000	0.00000000	0.95770055	0.04220732
KANVI07_10	280	0.00000003	0.00000000	0.00000000	0.99999985	0.00000012
KANVI07_11	280	0.00057047	0.00000000	0.00000000	0.82049510	0.17893444
KANVI07_12	279	0.13624060	0.00000000	0.00000000	0.81248480	0.05127461
KANVI07_13	271	0.00063079	0.00000000	0.00000000	0.99920140	0.00016781
KANVI07_14	281	0.00000806	0.00000000	0.00000000	0.57329585	0.42669609
KANVI07_15	278	0.00000946	0.00000000	0.00000000	0.98026091	0.01972962
KANVI07_16	274	0.00017674	0.00000000	0.00000000	0.98985351	0.00996974
KANVI07_17	281	0.00903156	0.00000000	0.00000000	0.02088522	0.97008322
KANVI07_18	281	0.00016697	0.00000000	0.00000059	0.90680804	0.09302440
KANVI07_19	281	0.00000013	0.00000000	0.00000000	0.99999522	0.00000465
KANVI07_20	281	0.00003616	0.00000000	0.00000000	0.99833981	0.00162404
KANVI07_21	281	0.00001069	0.00000000	0.00000000	0.99610923	0.00388008
KANVI07_22	281	0.00000781	0.00000000	0.00000000	0.99522400	0.00476819
KANVI07_23	279	0.00000000	1.00000000	0.00000000	0.00000000	0.00000000
KANVI07_24	281	0.00000020	0.00000000	0.00000000	0.99996418	0.00003563
KANVI07_25	281	0.00003295	0.00000000	0.00000000	0.99331005	0.00665699
KANVI07_26	281	0.00000045	0.00000000	0.00000000	0.99998683	0.00001271
KANVI07_27	281	0.00000666	0.00000000	0.00000000	0.99790046	0.00209289
KANVI07_28	277	0.00000016	0.98614844	0.00749234	0.00635892	0.00000013
KANVI07_29	281	0.00024512	0.00000000	0.00000000	0.91596190	0.08379297
KANVI07_30	281	0.08119762	0.00000000	0.00000000	0.90255256	0.01624982
KANVI07_31	275	0.00000007	0.00000000	0.00000000	0.99999867	0.00000126
KANVI07_32	280	0.00000057	0.00000000	0.00000000	0.99982779	0.00017164
KANVI07_33	281	0.00004797	0.00000000	0.00000000	0.88686300	0.11308903
KANVI07_34	279	0.00017612	0.00000000	0.00000000	0.89127697	0.10854692
KANVI07_35	280	0.00467323	0.00000000	0.00000000	0.94725169	0.04807508
KANVI07_36	280	0.00000005	0.00000000	0.00000000	0.99999678	0.00000316
KANVI07_37	278	0.00074690	0.00000000	0.00000000	0.96941351	0.02983960
KANVI07_38	281	0.00000038	0.00000000	0.00000000	0.99994887	0.00005075
KANVI07_39	278	0.00191872	0.00000000	0.00000000	0.94815924	0.04992204
KANVI07_40	277	0.00000000	1.00000000	0.00000000	0.00000000	0.00000000
KANVI07_41	278	0.00025289	0.00000000	0.00000000	0.98611566	0.01363145
KANVI07_42	273	0.00029036	0.00000000	0.00000000	0.99886780	0.00084184
KANVI07_43	279	0.00340718	0.00000000	0.00000000	0.39398493	0.60260789
KANVI07_44	280	0.00122087	0.00000000	0.00000011	0.99584468	0.00293434
KANVI07_45	276	0.04891754	0.00000000	0.00000000	0.89170699	0.05937547
KANVI07_46	278	0.00806572	0.00000000	0.00000000	0.85323600	0.13869828
KANVI07_47	280	0.00004421	0.00000000	0.00000000	0.83944193	0.16051386
KANVI07_48	281	0.00000077	0.00000000	0.00000000	0.99994102	0.00005821
KANVI07_49	280	0.00000813	0.00000000	0.00000000	0.98925309	0.01073878
KANVI07_50	280	0.00000002	0.00000000	0.00000000	0.99997976	0.00002022
KANVI07_51	278	0.16939352	0.00000000	0.00000000	0.80730893	0.02329755
KANVI07_52	279	0.00000000	0.00000000	0.00000000	0.99999828	0.00000172
KAROL05_1	281	0.00007113	0.00000000	0.00000000	0.00010325	0.99982562
KAROL05_2	281	0.00006514	0.00000000	0.00000000	0.00614205	0.99379281
KAROL05_3	281	0.00144455	0.00000000	0.00000000	0.00556533	0.99299013
KAROL05_4	280	0.00086936	0.00000000	0.00000000	0.00017807	0.99895257
KAROL05_5	281	0.01581418	0.00000000	0.00000000	0.00094532	0.98324050
KAROL05_6	280	0.01539150	0.00000000	0.00000000	0.00956901	0.97503949
KAROL05_7	280	0.00018413	0.00000000	0.00000000	0.00106958	0.99874630
KAROL05_8	279	0.00888001	0.00000000	0.00000000	0.00266712	0.98845286
KAROL05_9	281	0.00009200	0.00000000	0.00000000	0.00212522	0.99778278
KAROL05_10	281	0.00007148	0.00000000	0.00000000	0.00195118	0.99797733
KAROL05_11	281	0.00014844	0.00000000	0.00000000	0.00016160	0.99968996
KAROL05_12	281	0.00042488	0.00000000	0.00000000	0.00089891	0.99867621
KAROL05_13	280	0.66880772	0.00000000	0.00000000	0.00001475	0.33117754
KAROL05_14	281	0.00038831	0.00000000	0.00000000	0.00279665	0.99681504
KAROL05_15	281	0.00616269	0.00000000	0.00000000	0.00000303	0.99383429
KAROL05_16	279	0.00005801	0.00000000	0.00000000	0.00001122	0.99993077
KAROL05_17	279	0.00042567	0.00000000	0.00000000	0.03920422	0.96037012
KAROL05_18	280	0.00001029	0.00000000	0.00000000	0.00026648	0.99972322
KAROL05_19	281	0.00000169	0.00000000	0.00000000	0.00104428	0.99895403
KAROL05_20	281	0.02934119	0.00000019	0.00943772	0.03447507	0.92674583
KAROL05_21	280	0.00571538	0.00000000	0.00000000	0.02453566	0.96974896
KAROL05_22	281	0.00028879	0.00000000	0.00000000	0.00047787	0.99923333
KAROL05_23	281	0.00004693	0.00000000	0.00000000	0.00005263	0.99990044
KAROL05_24	281	0.00287418	0.00000000	0.00000000	0.00189200	0.99523382
KAROL05_25	281	0.00029771	0.00000000	0.00000000	0.00221415	0.99748814
KAROL05_26	280	0.02280408	0.00000000	0.00000000	0.00146433	0.97573158
KAROL05_27	281	0.00028414	0.00000000	0.00000000	0.00589294	0.99382292
KAROL05_28	280	0.00016229	0.00000000	0.00000000	0.00000797	0.99982974
KAROL05_29	281	0.00003232	0.00000000	0.00000000	0.00001591	0.99995177
KAROL05_30	281	0.02631187	0.00000000	0.00000002	0.00815294	0.96553518
KAROL05_31	281	0.00177546	0.00000000	0.00000000	0.11445090	0.88377363
KAROL05_32	280	0.00082565	0.00000000	0.00000000	0.00043265	0.99874170
KAROL05_33	280	0.00924670	0.00000000	0.00000000	0.01097533	0.97977797
KAROL05_34	281	0.00048670	0.00000000	0.00000000	0.00068770	0.99882560
KAROL05_35	280	0.00003141	0.00000000	0.00000000	0.82444445	0.17552414
KAROL05_36	279	0.13659500	0.00000000	0.00001054	0.04900376	0.81439071
KAROL05_37	281	0.00137733	0.00000000	0.00000000	0.00079817	0.99782449
KAROL05_38	281	0.00004152	0.00000000	0.00000000	0.00256936	0.99738911
KAROL05_39	280	0.00036214	0.00000000	0.00000000	0.00086186	0.99877601
KAROL05_40	279	0.00060214	0.00000000	0.00000000	0.01299579	0.98640206
KAROL05_41	279	0.00194399	0.00000000	0.00000000	0.00989684	0.98815917
KAROL05_42	281	0.00812942	0.00000000	0.00000000	0.17881513	0.81305545
KAROL05_43	281	0.01262281	0.00000000	0.00000000	0.00343921	0.98393798
KAROL05_44	279	0.00059916	0.00000000	0.00000000	0.02957764	0.96982320
KAROL05_45	281	0.00229280	0.00000000	0.00000000	0.02973292	0.96797427
KAROL05_46	280	0.00000613	0.00000000	0.00000000	0.00141748	0.99857639
KAROL05_47	279	0.00012384	0.00000000	0.00000000	0.00075254	0.99912362
KAROL05_48	281	0.00000006	0.00000000	0.00000000	0.00000377	0.99999617
KAROL05_49	281	0.03193069	0.00000000	0.00000000	0.00011046	0.96795885
KAROL05_50	281	0.00000024	0.00000000	0.00000000	0.00002270	0.99997706
KAROL05_51	281	0.00013796	0.00000000	0.00000000	0.00014625	0.99971580
KAROL05_52	281	0.00004568	0.00000000	0.00000000	0.00010351	0.99985082
KBIGCK04_1	281	0.01437056	0.00000000	0.00000000	0.00195305	0.98367638
KBIGCK04_2	280	0.02603482	0.00000000	0.00000000	0.00139346	0.97257172
KBIGCK04_3	281	0.00103202	0.00000000	0.00000000	0.00000004	0.99896794
KBIGCK04_4	281	0.00024637	0.00000000	0.00000000	0.09168462	0.90806900
KBIGCK04_5	281	0.00001557	0.00000000	0.00000000	0.00012224	0.99986219
KBIGCK04_6	281	0.02368795	0.00000000	0.00000001	0.00676083	0.96955122
KBIGCK04_7	281	0.00003883	0.00000000	0.00000000	0.02511294	0.97484823
KBIGCK04_8	279	0.00001813	0.00000000	0.00000000	0.00002390	0.99995797
KBIGCK04_9	280	0.00002765	0.00000000	0.00000048	0.37649181	0.62348005
KBIGCK04_10	281	0.00018448	0.00000000	0.00000000	0.01800374	0.98181178
KBIGCK04_11	278	0.00000045	0.00000000	0.00000000	0.00002520	0.99997435
KBIGCK04_12	281	0.00023646	0.00000000	0.00000000	0.00412078	0.99564276
KBIGCK04_13	281	0.00028553	0.00000000	0.00000000	0.00066101	0.99905347
KBIGCK04_14	281	0.00000893	0.00000000	0.00000000	0.00000396	0.99998711
KBIGCK04_15	281	0.00005901	0.00000000	0.00000000	0.00579483	0.99414616
KBIGCK04_16	280	0.00145894	0.00000000	0.00000000	0.00111011	0.99743095
KBIGCK04_17	280	0.00002460	0.00000000	0.00000000	0.00121783	0.99875757
KBIGCK04_18	281	0.00003800	0.00000000	0.00000000	0.00005878	0.99990322
KBIGCK04_19	280	0.00275559	0.00000000	0.00000000	0.00002329	0.99722112
KBIGCK04_20	281	0.00136751	0.00000000	0.00000000	0.00097573	0.99765676
KBIGCK04_21	280	0.00391240	0.00000000	0.00000000	0.00153992	0.99454768
KBIGCK04_22	280	0.00384603	0.00000000	0.00000000	0.70778004	0.28837393
KBIGCK04_23	281	0.00331448	0.00000000	0.00000000	0.00048157	0.99620394
KBIGCK04_24	279	0.01255900	0.00000000	0.00000000	0.00019413	0.98724686
KBIGCK04_25	281	0.00055826	0.00000000	0.00000013	0.00103531	0.99840629
KBIGCK04_26	280	0.00004383	0.00000000	0.00000000	0.00027991	0.99967626
KBIGCK04_27	279	0.00019808	0.00000000	0.00000000	0.00002728	0.99977464
KBIGCK04_28	281	0.17809625	0.00000000	0.00000000	0.00145937	0.82044438
KBIGCK04_29	281	0.00003840	0.00000000	0.00000000	0.00000630	0.99995530
KBIGCK04_30	280	0.00000175	0.00000000	0.00000000	0.00011356	0.99988469
KBIGCK04_31	280	0.00044045	0.00000000	0.00000000	0.00007268	0.99948687
KBIGCK04_32	275	0.01987003	0.00000000	0.00000000	0.06471005	0.91541993
KBIGCK04_33	280	0.00040328	0.00000000	0.00000000	0.00017303	0.99942369
KBIGCK04_34	279	0.00131091	0.00000000	0.00000000	0.03729969	0.96138940
KBIGCK04_35	281	0.00000368	0.00000000	0.00000000	0.00000567	0.99999065
KBIGCK04_36	280	0.00132123	0.00000000	0.00000000	0.00000361	0.99867515
KBIGCK04_37	281	0.00002777	0.00000000	0.00000000	0.04957908	0.95039314
KBIGCK04_38	281	0.00467622	0.00000000	0.00000000	0.00939395	0.98592983
KBIGCK04_39	280	0.00000039	0.00000000	0.00000000	0.00000492	0.99999470
KBIGCK04_40	280	0.00006969	0.00000000	0.00000000	0.00000394	0.99992637
KBIGCK04_41	281	0.00025031	0.00000000	0.00000000	0.00000460	0.99974509
KBIGCK04_42	281	0.00003285	0.00000000	0.00000000	0.01186158	0.98810557
KBIGCK04_43	280	0.00000035	0.00000000	0.00000000	0.00000647	0.99999318
KBIGCK04_44	280	0.00000224	0.00000000	0.00000000	0.00002957	0.99996819
KBIGCK04_45	275	0.00836806	0.00000000	0.00000000	0.00011209	0.99151986
KBIGCK04_46	275	0.00187411	0.00000000	0.00000000	0.00533240	0.99279349
KBIGCK04_47	280	0.00011008	0.00000000	0.00000000	0.00000085	0.99988907
KBIGCK04_48	279	0.00040938	0.00000000	0.00000000	0.00210877	0.99748185
KBIGCK04_49	279	0.00000559	0.00000000	0.00000000	0.00001063	0.99998379
KBIGCK04_50	278	0.00113945	0.00000000	0.00000000	0.00174120	0.99711935
KBIGCK04_51	274	0.00195581	0.00000000	0.00000000	0.00038461	0.99765958
KBIGCK04_52	280	0.01142053	0.00000000	0.00000000	0.01246003	0.97611945
KBIGCK04_53	280	0.00906003	0.00000000	0.00000000	0.00532155	0.98561842
KBIGCK04_54	281	0.00002141	0.00000000	0.00000000	0.00001523	0.99996336
KBIGCK04_55	276	0.00064510	0.00000000	0.00000000	0.00018438	0.99917052
KBIGCK04_56	281	0.00000061	0.00000000	0.00000000	0.00000129	0.99999810
KBIGCK04_57	281	0.00132960	0.00000000	0.00000000	0.00008780	0.99858260
KBIGCK04_58	280	0.00002172	0.00000000	0.00000000	0.00039767	0.99958061
KBIGCK04_59	275	0.02351169	0.00000000	0.00000000	0.00017692	0.97631139
KBIGCK04_60	281	0.00000091	0.00000000	0.00000000	0.00000005	0.99999904
KBIGCK04_61	279	0.00000046	0.00000000	0.00000000	0.00000481	0.99999473
KBIGCK04_62	281	0.00000045	0.00000000	0.00000000	0.00002849	0.99997106
KBIGCK04_63	277	0.00003709	0.00000000	0.00000000	0.00002125	0.99994165
KBIGCK04_64	281	0.00062934	0.00000000	0.00000000	0.08546778	0.91390288
KBIGCK04_65	281	0.00002488	0.00000000	0.00000000	0.00474055	0.99523457
KBIGS07_1	278	0.00000000	1.00000000	0.00000000	0.00000000	0.00000000
KBIGS07_2	281	0.00000000	1.00000000	0.00000000	0.00000000	0.00000000
KBIGS07_3	280	0.00000000	1.00000000	0.00000000	0.00000000	0.00000000
KBIGS07_4	280	0.00000000	1.00000000	0.00000000	0.00000000	0.00000000
KBIGS07_5	280	0.00000000	1.00000000	0.00000000	0.00000000	0.00000000
KBIGS07_6	281	0.00000000	1.00000000	0.00000000	0.00000000	0.00000000
KBIGS07_7	281	0.00000000	1.00000000	0.00000000	0.00000000	0.00000000
KBIGS07_8	281	0.00000000	1.00000000	0.00000000	0.00000000	0.00000000
KBIGS07_9	280	0.00000000	1.00000000	0.00000000	0.00000000	0.00000000
KBIGS07_10	281	0.00000000	1.00000000	0.00000000	0.00000000	0.00000000
KBIGS07_11	281	0.00000000	1.00000000	0.00000000	0.00000000	0.00000000
KBIGS07_12	281	0.00000000	1.00000000	0.00000000	0.00000000	0.00000000
KBIGS07_13	279	0.00000000	1.00000000	0.00000000	0.00000000	0.00000000
KBIGS07_14	279	0.00000000	1.00000000	0.00000000	0.00000000	0.00000000
KBIGS07_15	279	0.00000000	0.99999978	0.00000022	0.00000000	0.00000000
KBIGS07_16	281	0.00000000	0.99999915	0.00000085	0.00000000	0.00000000
KBIGS07_17	280	0.00000000	1.00000000	0.00000000	0.00000000	0.00000000
KBIGS07_18	279	0.00000000	1.00000000	0.00000000	0.00000000	0.00000000
KBIGS07_19	280	0.00000000	1.00000000	0.00000000	0.00000000	0.00000000
KBIGS07_20	281	0.00000000	1.00000000	0.00000000	0.00000000	0.00000000
KBIGS07_21	280	0.00000000	1.00000000	0.00000000	0.00000000	0.00000000
KBIGS07_22	281	0.00000000	1.00000000	0.00000000	0.00000000	0.00000000
KBIGS07_23	280	0.00000000	1.00000000	0.00000000	0.00000000	0.00000000
KBIGS07_24	279	0.00000000	1.00000000	0.00000000	0.00000000	0.00000000
KBIGS07_25	280	0.00000000	1.00000000	0.00000000	0.00000000	0.00000000
KBIGS07_26	281	0.00000000	0.99999998	0.00000002	0.00000000	0.00000000
KBIGS07_27	280	0.00000000	1.00000000	0.00000000	0.00000000	0.00000000
KBIGS07_28	280	0.00000000	1.00000000	0.00000000	0.00000000	0.00000000
KBIGS07_29	280	0.00000000	0.99999998	0.00000001	0.00000000	0.00000001
KBIGS07_30	280	0.00000000	1.00000000	0.00000000	0.00000000	0.00000000
KBIGS07_31	279	0.00000000	1.00000000	0.00000000	0.00000000	0.00000000
KBIGS07_32	281	0.00000000	1.00000000	0.00000000	0.00000000	0.00000000
KBIGS07_33	281	0.00000000	1.00000000	0.00000000	0.00000000	0.00000000
KBIGS07_34	281	0.00000000	1.00000000	0.00000000	0.00000000	0.00000000
KBIGS07_35	281	0.00000000	1.00000000	0.00000000	0.00000000	0.00000000
KBIGS07_36	280	0.00000000	1.00000000	0.00000000	0.00000000	0.00000000
KBIGS07_37	281	0.00000000	1.00000000	0.00000000	0.00000000	0.00000000
KBIGS07_38	280	0.00000000	1.00000000	0.00000000	0.00000000	0.00000000
KBIGS07_39	281	0.00000000	1.00000000	0.00000000	0.00000000	0.00000000
KBIGS07_40	281	0.00000000	1.00000000	0.00000000	0.00000000	0.00000000
KBIGS07_41	274	0.00000000	1.00000000	0.00000000	0.00000000	0.00000000
KBIGS07_42	280	0.00000000	1.00000000	0.00000000	0.00000000	0.00000000
KBIGS07_43	280	0.00000000	1.00000000	0.00000000	0.00000000	0.00000000
KBIGS07_44	279	0.00000000	1.00000000	0.00000000	0.00000000	0.00000000
KBIGS07_45	281	0.00000000	1.00000000	0.00000000	0.00000000	0.00000000
KBIGS07_46	281	0.00000000	1.00000000	0.00000000	0.00000000	0.00000000
KBIGS07_47	280	0.00000000	1.00000000	0.00000000	0.00000000	0.00000000
KBIGS07_48	280	0.00000000	1.00000000	0.00000000	0.00000000	0.00000000
KBIGS07_49	278	0.00000000	1.00000000	0.00000000	0.00000000	0.00000000
KBIGS07_50	279	0.00000000	1.00000000	0.00000000	0.00000000	0.00000000
KBIGS07_51	281	0.00000000	1.00000000	0.00000000	0.00000000	0.00000000
KBIGS07_52	275	0.00000000	1.00000000	0.00000000	0.00000000	0.00000000
KBIGS07_53	279	0.00000000	1.00000000	0.00000000	0.00000000	0.00000000
KBIGS07_54	281	0.00000000	1.00000000	0.00000000	0.00000000	0.00000000
KBIGS07_55	279	0.00000000	1.00000000	0.00000000	0.00000000	0.00000000
KBIGS07_56	281	0.00000000	1.00000000	0.00000000	0.00000000	0.00000000
KBIGS07_57	280	0.00000000	1.00000000	0.00000000	0.00000000	0.00000000
KBIGS07_58	280	0.00000000	1.00000000	0.00000000	0.00000000	0.00000000
KBIGS07_59	280	0.00000000	1.00000000	0.00000000	0.00000000	0.00000000
KBIGS07_60	280	0.00000000	1.00000000	0.00000000	0.00000000	0.00000000
KBIGS07_61	280	0.00000000	1.00000000	0.00000000	0.00000000	0.00000000
KBIGS07_62	280	0.00000000	0.99999994	0.00000005	0.00000000	0.00000000
KBIGS07_63	281	0.00000000	1.00000000	0.00000000	0.00000000	0.00000000
KBIGS07_64	281	0.00000000	1.00000000	0.00000000	0.00000000	0.00000000
KBIGS07_65	280	0.00000000	0.99999998	0.00000002	0.00000000	0.00000000
KBIGS07_66	280	0.00000000	1.00000000	0.00000000	0.00000000	0.00000000
KBIGS07_67	280	0.00000000	1.00000000	0.00000000	0.00000000	0.00000000
KBIGS07_68	281	0.00000000	1.00000000	0.00000000	0.00000000	0.00000000
KBIGS07_69	280	0.00000000	1.00000000	0.00000000	0.00000000	0.00000000
KBIGS07_70	281	0.00000000	0.99999999	0.00000001	0.00000000	0.00000000
KBIGS07_71	281	0.00000000	1.00000000	0.00000000	0.00000000	0.00000000
KEEK05_1	280	0.00009246	0.00000000	0.00000000	0.00023645	0.99967110
KEEK05_2	269	0.15346244	0.00000000	0.00000000	0.03566579	0.81087177
KEEK05_3	281	0.00901178	0.00000000	0.00000000	0.00020584	0.99078238
KEEK05_4	279	0.23467553	0.00000000	0.00000000	0.03892202	0.72640245
KEEK05_5	280	0.19955509	0.00000000	0.00000000	0.12604584	0.67439907
KEEK05_6	280	0.23397397	0.00000000	0.00000000	0.00525275	0.76077328
KEEK05_7	281	0.00002993	0.00000000	0.00000014	0.95687156	0.04309837
KEEK05_8	279	0.00078911	0.00000000	0.00000000	0.01300636	0.98620453
KEEK05_9	281	0.03397437	0.00000000	0.00000000	0.00113316	0.96489247
KEEK05_10	278	0.00035545	0.00000000	0.00000000	0.00062777	0.99901678
KEEK05_11	280	0.00051805	0.00000000	0.00000000	0.00496405	0.99451790
KEEK05_12	281	0.00013483	0.00000000	0.00000000	0.00011092	0.99975425
KEEK05_13	281	0.00093501	0.00000000	0.00000000	0.00018245	0.99888254
KEEK05_14	279	0.00280869	0.00000000	0.00000000	0.00606837	0.99112294
KEEK05_15	280	0.00013684	0.00000000	0.00000000	0.00004158	0.99982158
KEEK05_16	280	0.00144790	0.00000000	0.00000000	0.00498101	0.99357109
KEEK05_17	281	0.00173568	0.00000000	0.00000000	0.04286878	0.95539554
KEEK05_18	280	0.00009183	0.00000000	0.00000000	0.06868156	0.93122661
KEEK05_19	281	0.00000033	0.00000000	0.00000000	0.00176523	0.99823444
KEEK05_20	280	0.00091090	0.00000000	0.00000000	0.04051993	0.95856917
KEEK05_21	281	0.00037252	0.00000000	0.00000000	0.00764561	0.99198187
KEEK05_22	281	0.01222731	0.00000000	0.00000017	0.09148014	0.89629238
KEEK05_23	279	0.00046371	0.00000000	0.00000000	0.02023764	0.97929865
KEEK05_24	281	0.63238997	0.00000000	0.00000000	0.00044119	0.36716884
KEEK05_25	280	0.00000498	0.00000000	0.00000000	0.00486568	0.99512935
KEEK05_26	280	0.00045649	0.00000000	0.00000000	0.00573852	0.99380499
KEEK05_27	281	0.01173977	0.00000000	0.00000000	0.90836052	0.07989972
KEEK05_28	280	0.00001142	0.00000000	0.00000000	0.00025377	0.99973481
KEEK05_29	281	0.00049199	0.00000000	0.00000000	0.00872124	0.99078677
KEEK05_30	279	0.00005376	0.00000000	0.00000000	0.10331605	0.89663020
KEEK05_31	280	0.02939458	0.00000000	0.00000000	0.05417294	0.91643247
KEEK05_32	279	0.00353642	0.00000000	0.00000000	0.00181762	0.99464595
KEEK05_33	278	0.00024806	0.00000000	0.00000000	0.00248100	0.99727094
KEEK05_34	280	0.02622855	0.00000000	0.00000000	0.02118866	0.95258279
KEEK05_35	281	0.00002273	0.00000000	0.00000000	0.01449938	0.98547789
KEEK05_36	281	0.00039030	0.00000000	0.00000000	0.00082905	0.99878065
KEEK05_37	279	0.24154760	0.00000000	0.00000000	0.00271304	0.75573936
KEEK05_38	280	0.00280767	0.00000000	0.00000000	0.16434540	0.83284693
KEEK05_39	281	0.00182034	0.00000000	0.00000000	0.01684432	0.98133534
KEEK05_40	281	0.00000013	0.00000000	0.00000000	0.00008282	0.99991705
KEEK05_41	279	0.02450128	0.00000000	0.00000000	0.14192483	0.83357389
KEEK05_42	281	0.00000610	0.00000000	0.00000000	0.00008912	0.99990478
KEEK05_43	271	0.00005919	0.00000000	0.00000000	0.00310367	0.99683713
KEEK05_44	277	0.00003620	0.00000000	0.00000000	0.00022143	0.99974237
KEEK05_45	281	0.00010842	0.00000000	0.00000000	0.00037408	0.99951750
KEEK05_46	281	0.00325850	0.00000000	0.00000000	0.07964337	0.91709813
KEEK05_47	281	0.00000252	0.00000000	0.00000000	0.10155409	0.89844339
KEEK05_48	279	0.00314308	0.00000000	0.00000000	0.02695433	0.96990259
KEEK05_49	279	0.00025352	0.00000000	0.00000000	0.00004834	0.99969814
KEEK05_50	280	0.00183988	0.00000000	0.00000000	0.13067837	0.86748175
KEEK05_51	281	0.00038996	0.00000000	0.00000000	0.00016290	0.99944714
KEEK05_52	279	0.00221580	0.00000000	0.00000000	0.00002603	0.99775818
KEEK05_53	279	0.00008419	0.00000000	0.00000000	0.01290670	0.98700911
KEEK05_54	281	0.00623898	0.00000000	0.00000000	0.08396639	0.90979462
KEEK05_55	281	0.00406740	0.00000000	0.00000000	0.06225798	0.93367462
KEEK05_56	281	0.01156744	0.00000000	0.00000000	0.00548251	0.98295005
KEEK05_57	281	0.00004312	0.00000000	0.00000000	0.00018645	0.99977043
KEEK05_58	281	0.00005058	0.00000000	0.00000000	0.00007642	0.99987300
KEEK05_59	280	0.00221224	0.00000000	0.00000000	0.00141783	0.99636993
KEEK05_60	281	0.00267740	0.00000000	0.00000000	0.06115084	0.93617176
KEEK05_61	281	0.00666073	0.00000000	0.00000000	0.08523036	0.90810890
KEEK05_62	281	0.00033331	0.00000000	0.00000000	0.00011827	0.99954843
KEEK05_63	280	0.00072779	0.00000000	0.00000000	0.00486642	0.99440580
KEEK05_64	280	0.00253735	0.00000000	0.00000000	0.02322328	0.97423937
KEEK05_65	278	0.00007292	0.00000000	0.00000000	0.00216758	0.99775950
KEEK05_66	281	0.00001010	0.00000000	0.00000000	0.00058360	0.99940630
KEEK05_67	281	0.00015160	0.00000000	0.00000002	0.00122663	0.99862175
KEEK05_68	281	0.00009918	0.00000000	0.00000000	0.05737599	0.94252483
KEEK05_69	281	0.00161245	0.00000000	0.00000000	0.69181532	0.30657223
KEEK05_70	281	0.00075460	0.00000000	0.00000000	0.18247459	0.81677081
KEEK05_71	280	0.00033329	0.00000000	0.00000000	0.01400003	0.98566667
KEEK05_72	280	0.00032781	0.00000000	0.00000000	0.00008353	0.99958866
KEEK05_73	276	0.00001216	0.00000000	0.00000000	0.00007135	0.99991649
KEEK05_74	280	0.00594622	0.00000000	0.00000000	0.01310189	0.98095189
KEEK05_75	280	0.09427209	0.00000000	0.00000000	0.04407710	0.86165081
KEEK05_76	281	0.02025811	0.00000000	0.00000000	0.23886914	0.74087274
KGAGA06_1	280	0.00001030	0.00000000	0.00000000	0.02185991	0.97812979
KGAGA06_2	281	0.00018425	0.00000000	0.00000000	0.00332377	0.99649198
KGAGA06_3	281	0.01484760	0.00000000	0.00000000	0.01499035	0.97016205
KGAGA06_4	279	0.00001928	0.00000000	0.00000000	0.00911244	0.99086828
KGAGA06_5	280	0.00036249	0.00000000	0.00000000	0.00067299	0.99896452
KGAGA06_6	281	0.00073127	0.00000000	0.00000018	0.00090026	0.99836829
KGAGA06_7	280	0.00030035	0.00000000	0.00000000	0.00307296	0.99662669
KGAGA06_8	281	0.00019617	0.00000000	0.00000000	0.00613279	0.99367104
KGAGA06_9	281	0.00281585	0.00000000	0.00000000	0.29454761	0.70263654
KGAGA06_10	281	0.00324937	0.00000000	0.00000000	0.00144713	0.99530350
KGAGA06_11	281	0.01182554	0.00000000	0.00000000	0.00002213	0.98815233
KGAGA06_12	281	0.00615856	0.00000000	0.00000000	0.62324753	0.37059391
KGAGA06_13	280	0.00003763	0.00000000	0.00000000	0.00004113	0.99992124
KGAGA06_14	281	0.00270910	0.00000000	0.00000000	0.17727761	0.82001328
KGAGA06_15	281	0.00132128	0.00000000	0.00000000	0.01265110	0.98602762
KGAGA06_16	280	0.00099504	0.00000000	0.00000000	0.00012576	0.99887921
KGAGA06_17	280	0.01039947	0.00000000	0.00000000	0.00065062	0.98894991
KGAGA06_18	279	0.00001946	0.00000000	0.00000000	0.02762235	0.97235820
KGAGA06_19	281	0.00101006	0.00000000	0.00000000	0.22857962	0.77041032
KGAGA06_20	281	0.00036546	0.00000000	0.00000000	0.00009379	0.99954075
KGAGA06_21	281	0.01424834	0.00000000	0.00000000	0.61148750	0.37426416
KGAGA06_22	281	0.00000187	0.00000000	0.00000000	0.00008285	0.99991527
KGAGA06_23	281	0.00002482	0.00000000	0.00000000	0.01122422	0.98875096
KGAGA06_24	281	0.00074193	0.00000000	0.00000001	0.00016507	0.99909299
KGAGA06_25	280	0.00136851	0.00000000	0.00000000	0.00287195	0.99575955
KGAGA06_26	281	0.00004466	0.00000000	0.00000000	0.00517822	0.99477712
KGAGA06_27	281	0.00030486	0.00000000	0.00000000	0.00369506	0.99600008
KGAGA06_28	280	0.00286205	0.00000000	0.00000000	0.52125278	0.47588517
KGAGA06_29	280	0.00042412	0.00000000	0.00000108	0.08485791	0.91471688
KGAGA06_30	280	0.00059974	0.00000000	0.00000000	0.00026669	0.99913358
KGAGA06_31	281	0.00101501	0.00000000	0.00000000	0.00321651	0.99576847
KGAGA06_32	281	0.00020879	0.00000000	0.00000000	0.42048339	0.57930782
KGAGA06_33	279	0.00000492	0.00000000	0.00000000	0.00169264	0.99830244
KGAGA06_34	281	0.00017345	0.00000000	0.00000000	0.02937609	0.97045046
KGAGA06_35	280	0.00230633	0.00000000	0.00000000	0.00104814	0.99664553
KGAGA06_36	275	0.00002225	0.00000000	0.00000000	0.01370635	0.98627140
KGAGA06_37	281	0.00761230	0.00000000	0.00000000	0.96532391	0.02706379
KGAGA06_38	281	0.02636587	0.00000000	0.00000000	0.58468766	0.38894647
KGAGA06_39	281	0.00034880	0.00000000	0.00000000	0.00683391	0.99281729
KGAGA06_40	281	0.00141724	0.00000000	0.00000000	0.00728665	0.99129611
KGAGA06_41	269	0.00025432	0.00000000	0.00000000	0.00898907	0.99075661
KGAGA06_42	281	0.00000717	0.00000000	0.00000000	0.00045696	0.99953587
KGAGA06_43	281	0.00002282	0.00000000	0.00000000	0.00545485	0.99452233
KGAGA06_44	276	0.00026871	0.00000000	0.00000000	0.03238224	0.96734905
KGAGA06_45	280	0.00055090	0.00000000	0.00000000	0.08235276	0.91709635
KGAGA06_46	280	0.00007357	0.00000000	0.00000000	0.00520025	0.99472618
KGAGA06_47	281	0.00002926	0.00000000	0.00000000	0.00027462	0.99969613
KGAGA06_48	281	0.00103355	0.00000000	0.00000000	0.05525449	0.94371196
KGAGA06_49	281	0.00008229	0.00000000	0.00000000	0.04647197	0.95344574
KGAGA06_50	281	0.00000422	0.00000000	0.00000000	0.00009184	0.99990394
KGAGA06_51	280	0.00202176	0.00000000	0.00000000	0.00026436	0.99771387
KGAGA06_52	281	0.00001509	0.00000000	0.00000005	0.00027510	0.99970976
KGAGA06_53	281	0.00039262	0.00000000	0.00000000	0.00143195	0.99817543
KGAGA06_54	281	0.00005411	0.00000000	0.00000000	0.00006755	0.99987834
KGAGA06_55	281	0.00002938	0.00000000	0.00000000	0.00014563	0.99982499
KGAGA06_56	280	0.00014386	0.00000000	0.00000000	0.00034793	0.99950822
KGAGA06_57	280	0.00000655	0.00000000	0.00000000	0.01988884	0.98010461
KGAGA06_58	280	0.00000141	0.00000000	0.00000000	0.00434641	0.99565218
KGAGA06_59	273	0.00140436	0.00000000	0.00000000	0.02376413	0.97483151
KGAGA06_60	280	0.07699018	0.00000000	0.00000000	0.01157765	0.91143217
KGAGA06_61	281	0.00002007	0.00000000	0.00000000	0.00065863	0.99932130
KGAGA06_62	280	0.00604490	0.00000000	0.00000000	0.02632427	0.96763083
KGAGA06_63	280	0.00026829	0.00000000	0.00000000	0.00512424	0.99460748
KGAGA06_64	281	0.00055181	0.00000000	0.00000000	0.00046362	0.99898457
KGAGA06_65	281	0.00270470	0.00000000	0.00000004	0.11374379	0.88355147
KGAGA06_66	279	0.00007389	0.00000000	0.00000000	0.00045065	0.99947545
KGAGA06_67	276	0.01362021	0.00000000	0.00000000	0.00436650	0.98201329
KGAGA06_68	280	0.00000080	0.00000000	0.00000000	0.00009808	0.99990112
KGAGA06_69	281	0.00027645	0.00000000	0.00000000	0.00028021	0.99944334
KGAGA06_70	281	0.00390853	0.00000000	0.00000000	0.00548511	0.99060636
KGAGA06_71	281	0.00038216	0.00000000	0.00000000	0.00050173	0.99911611
KGAGA06_72	281	0.00005215	0.00000000	0.00000000	0.00809089	0.99185695
KGAGA06_73	279	0.00361076	0.00000000	0.00000000	0.03422872	0.96216051
KGAGA06_74	281	0.00001691	0.00000000	0.00000000	0.00001483	0.99996826
KGAGA06_75	278	0.00024263	0.00000000	0.00000000	0.00138008	0.99837729
KGAGA06_76	281	0.00002762	0.00000000	0.00000000	0.03872544	0.96124695
KGAGA06_77	281	0.00188308	0.00000000	0.00000000	0.00896644	0.98915048
KGAGA06_78	279	0.00005127	0.00000000	0.00000000	0.00049743	0.99945131
KGAGA06_79	280	0.00035910	0.00000000	0.00000000	0.01036326	0.98927764
KGAGA06_80	281	0.00145512	0.00000000	0.00000000	0.16604690	0.83249798
KGAGA06_81	281	0.00000235	0.00000000	0.00000000	0.00001725	0.99998040
KGAGA06_82	280	0.00038498	0.00000000	0.00000000	0.02241152	0.97720350
KGAGA06_83	279	0.00012509	0.00000000	0.00000000	0.00018416	0.99969075
KGAGA06_84	281	0.36747305	0.00000000	0.00310388	0.26148393	0.36793914
KGAGA06_85	281	0.00177339	0.00000000	0.00000000	0.00030324	0.99792337
KGAGA06_86	279	0.00026526	0.00000000	0.00000002	0.00932555	0.99040917
KGAGA06_87	281	0.01901967	0.00000000	0.00000000	0.19136219	0.78961814
KGAGA06_88	277	0.51683803	0.00000000	0.00000000	0.00000392	0.48315805
KGAGA06_89	281	0.00014056	0.00000000	0.00000000	0.00445149	0.99540795
KGAGA06_90	281	0.00015874	0.00000000	0.00000000	0.00026945	0.99957181
KGAGA06_91	281	0.12452632	0.00000000	0.00000000	0.00001092	0.87546276
KGAGA06_92	280	0.00016225	0.00000000	0.00000000	0.00017389	0.99966386
KGAGA06_93	281	0.00237709	0.00000000	0.00000000	0.00116779	0.99645512
KGAGA06_94	281	0.00000103	0.00000000	0.00000035	0.02354936	0.97644926
KGEOR05_1	281	0.00016376	0.00000000	0.00000000	0.04006408	0.95977217
KGEOR05_2	281	0.00001693	0.00000000	0.00000000	0.00001100	0.99997207
KGEOR05_3	281	0.00266046	0.00000000	0.00000000	0.03965361	0.95768592
KGEOR05_4	281	0.55514079	0.00000000	0.00000000	0.00781252	0.43704669
KGEOR05_5	280	0.00052875	0.00000000	0.00000000	0.00364711	0.99582414
KGEOR05_6	281	0.00000907	0.00000000	0.00000000	0.00670379	0.99328714
KGEOR05_7	280	0.00000947	0.00000000	0.00000000	0.00670809	0.99328245
KGEOR05_8	281	0.00008783	0.00000000	0.00000000	0.00461082	0.99530135
KGEOR05_9	280	0.00042655	0.00000000	0.00000000	0.00061063	0.99896282
KGEOR05_10	281	0.00000371	0.00000000	0.00000000	0.00004189	0.99995440
KGEOR05_11	281	0.00028148	0.00000000	0.00000001	0.01333746	0.98638105
KGEOR05_12	278	0.00000259	0.00000000	0.00000000	0.00028010	0.99971731
KGEOR05_13	281	0.00072964	0.00000000	0.00000000	0.01292939	0.98634097
KGEOR05_14	281	0.00019505	0.00000000	0.00000000	0.00084324	0.99896172
KGEOR05_15	281	0.01233724	0.00000000	0.00000000	0.00024618	0.98741658
KGEOR05_16	280	0.00322600	0.00000000	0.00000000	0.02016657	0.97660743
KGEOR05_17	278	0.00018519	0.00000000	0.00000000	0.00019535	0.99961945
KGEOR05_18	281	0.00023096	0.00000000	0.00000000	0.00215138	0.99761766
KGEOR05_19	280	0.00000620	0.00000000	0.00000000	0.00002130	0.99997250
KGEOR05_20	280	0.00001182	0.00000000	0.00000000	0.00099908	0.99898910
KGEOR05_21	280	0.00029839	0.00000000	0.00000000	0.00125720	0.99844441
KGEOR05_22	281	0.00149417	0.00000000	0.00000000	0.00004529	0.99846054
KGEOR05_23	280	0.00021188	0.00000000	0.00000000	0.37314343	0.62664468
KGEOR05_24	281	0.00004601	0.00000000	0.00000000	0.00000035	0.99995363
KGEOR05_25	281	0.00003983	0.00000000	0.00000000	0.00165719	0.99830297
KGEOR05_26	281	0.01369668	0.00000000	0.00000000	0.01311398	0.97318935
KGEOR05_27	280	0.00008644	0.00000000	0.00000000	0.01274322	0.98717034
KGEOR05_28	281	0.00209324	0.00000000	0.00000000	0.06067798	0.93722878
KGEOR05_29	281	0.00012374	0.00000000	0.00000000	0.00026848	0.99960778
KGEOR05_30	278	0.00006078	0.00000000	0.00000000	0.04116200	0.95877722
KGEOR05_31	281	0.01156705	0.00000000	0.00000000	0.01539717	0.97303577
KGEOR05_32	280	0.00003169	0.00000000	0.00000000	0.00006748	0.99990083
KGEOR05_33	273	0.11907225	0.00000000	0.00000000	0.00027431	0.88065344
KGEOR05_34	281	0.00035336	0.00000000	0.00000000	0.00306767	0.99657897
KGEOR05_35	281	0.00659210	0.00000000	0.00000000	0.01217067	0.98123723
KGEOR05_36	281	0.00010091	0.00000000	0.00000000	0.19276065	0.80713844
KGEOR05_37	280	0.00035401	0.00000000	0.00000000	0.01633373	0.98331225
KGEOR05_38	280	0.00059735	0.00000000	0.00000000	0.00032771	0.99907494
KGEOR05_39	281	0.00281071	0.00000000	0.00000000	0.00133186	0.99585742
KGEOR05_40	281	0.00006183	0.00000000	0.00000000	0.00212483	0.99781334
KGEOR05_41	276	0.00035930	0.00000000	0.00000000	0.00041033	0.99923037
KGEOR05_42	281	0.00009942	0.00000000	0.00000000	0.93304194	0.06685864
KGEOR05_43	281	0.00655610	0.00000000	0.00000000	0.00035022	0.99309368
KGEOR05_44	281	0.00000222	0.00000000	0.00000000	0.00004227	0.99995551
KGEOR05_45	280	0.00001815	0.00000000	0.00000000	0.00018226	0.99979959
KGEOR05_46	276	0.01156021	0.00000000	0.00000000	0.00860043	0.97983936
KGEOR05_47	281	0.00005984	0.00000000	0.00000000	0.00437358	0.99556657
KGEOR05_48	279	0.00027914	0.00000000	0.00000000	0.02925029	0.97047057
KGEOR05_49	281	0.69178180	0.00000000	0.00000000	0.00734744	0.30087075
KGEOR05_50	281	0.00193640	0.00000000	0.00000000	0.02062333	0.97744027
KGEOR05_51	280	0.00035053	0.00000000	0.00000000	0.00001683	0.99963264
KGEOR05_52	277	0.00000129	0.00000000	0.00000000	0.00005316	0.99994554
KGEOR05_53	280	0.00028079	0.00000000	0.00000000	0.00063632	0.99908289
KGEOR05_54	280	0.00089997	0.00000000	0.00000001	0.00393463	0.99516539
KGEOR05_55	279	0.00000636	0.00000000	0.00000000	0.00070018	0.99929346
KGEOR05_56	280	0.00037761	0.00000000	0.00000000	0.00612062	0.99350177
KGEOR05_57	280	0.00001073	0.00000000	0.00000000	0.04158241	0.95840686
KGEOR05_58	279	0.00022275	0.00000000	0.00000000	0.00052024	0.99925700
KGEOR05_59	279	0.00016887	0.00000000	0.00000000	0.01917964	0.98065148
KGEOR05_60	280	0.00028251	0.00000000	0.00000000	0.00002865	0.99968885
KGEOR05_61	280	0.31151453	0.00000000	0.00000000	0.00056404	0.68792143
KGEOR05_62	281	0.00002359	0.00000000	0.00000000	0.00009919	0.99987722
KGEOR05_63	280	0.00008578	0.00000000	0.00000000	0.00055807	0.99935615
KGEOR05_64	281	0.00005976	0.00000000	0.00000000	0.01012180	0.98981843
KGEOR05_65	279	0.00000138	0.00000000	0.00000000	0.00000191	0.99999671
KGEOR05_66	280	0.00017071	0.00000000	0.00000000	0.00007108	0.99975821
KGEOR05_67	280	0.00086964	0.00000000	0.00000000	0.00052740	0.99860297
KGEOR05_68	279	0.00177868	0.00000000	0.00000000	0.00025328	0.99796804
KGEOR05_69	279	0.00002933	0.00000000	0.00000000	0.00076570	0.99920497
KGEOR05_70	281	0.25577062	0.00000000	0.00000000	0.00042669	0.74380270
