## trace file of reporting unit Pi values from gsi_sim.  NumBurnIn= 50000  NumSweeps= 999 ThinningInterval= 20
SweepNumber	Norton	Upper_Yukon	Middle_Yukon	Lower_Yukon	Bristol_Bay_Kusk
0	0.11081598	0.03622416	0.13036357	0.11027447	0.61232181
20	0.11926296	0.02802091	0.11587173	0.10790528	0.62893913
40	0.09787585	0.03645601	0.11483445	0.10364777	0.64718591
60	0.11642948	0.02482554	0.11832513	0.10125649	0.63916337
80	0.12478234	0.03395048	0.12351997	0.09679878	0.62094843
100	0.10834107	0.03252635	0.12258545	0.10582956	0.63071756
120	0.10846315	0.03454460	0.11399360	0.09866151	0.64433714
140	0.10057266	0.03082204	0.12298409	0.11006322	0.63555800
160	0.10265464	0.03495072	0.11975011	0.10167414	0.64097039
180	0.11406093	0.03267526	0.12823898	0.09420787	0.63081696
200	0.10941724	0.03460298	0.11910829	0.10880555	0.62806594
220	0.11475600	0.03003193	0.11472054	0.10940585	0.63108568
240	0.10220894	0.03777309	0.10225384	0.10282160	0.65494253
260	0.12289807	0.02823325	0.12500891	0.10528022	0.61857955
280	0.11347916	0.03414688	0.11886287	0.09175167	0.64175943
300	0.11479570	0.03116107	0.13807844	0.10142243	0.61454236
320	0.11394579	0.03438834	0.13871759	0.10778142	0.60516685
340	0.11605567	0.03584165	0.11681338	0.10624246	0.62504685
360	0.09782952	0.02056698	0.12552486	0.10567929	0.65039935
380	0.13056736	0.03045254	0.11029204	0.10194766	0.62674041
400	0.10113473	0.03318259	0.11977824	0.10292512	0.64297932
420	0.10998572	0.03657891	0.11211302	0.11986355	0.62145880
440	0.10817537	0.03105273	0.12051112	0.11172839	0.62853239
460	0.10760691	0.03024738	0.11645423	0.11354534	0.63214613
480	0.12213229	0.03142693	0.11771706	0.09100332	0.63772039
500	0.11335009	0.03132887	0.12167750	0.10684013	0.62680340
520	0.10827144	0.02882824	0.12904701	0.09895833	0.63489498
540	0.11333797	0.03452642	0.11309802	0.11107356	0.62796403
560	0.10313682	0.03333929	0.11386624	0.10705887	0.64259879
580	0.10479856	0.03219256	0.10533108	0.09166476	0.66601303
600	0.11190996	0.03403424	0.11323631	0.11617819	0.62464131
620	0.11288936	0.03805497	0.12061535	0.10437948	0.62406083
640	0.09927787	0.03326461	0.11999137	0.10546194	0.64200422
660	0.09985717	0.03270461	0.12211919	0.13443037	0.61088866
680	0.10998421	0.03504917	0.12127860	0.08959254	0.64409549
700	0.10823359	0.03115709	0.12108030	0.10310626	0.63642275
720	0.12865833	0.02739393	0.11337859	0.10420851	0.62636064
740	0.10791028	0.03470635	0.12931410	0.09441195	0.63365732
760	0.11519036	0.03044417	0.10906826	0.10047089	0.64482631
780	0.09956899	0.03186628	0.11205880	0.10265297	0.65385297
800	0.10743101	0.03307261	0.10857167	0.10943053	0.64149418
820	0.11885662	0.02606454	0.12000765	0.10124404	0.63382715
840	0.13270004	0.03166816	0.10538304	0.11357207	0.61667669
860	0.11509426	0.03484508	0.11706554	0.11585003	0.61714509
880	0.11689709	0.03416227	0.12989499	0.09557868	0.62346696
900	0.10505476	0.03188801	0.12651709	0.11324699	0.62329315
920	0.11396424	0.03699793	0.12104075	0.10074519	0.62725188
940	0.11309689	0.03434697	0.13329053	0.09417749	0.62508811
960	0.10650771	0.02719666	0.11248989	0.11358235	0.64022339
980	0.10527186	0.02608393	0.11337896	0.10762998	0.64763527
1000	0.10987354	0.03270650	0.11971100	0.10020719	0.63750178
1020	0.11755407	0.03184611	0.12431734	0.09388628	0.63239620
1040	0.11624066	0.03976735	0.11884940	0.09731258	0.62782999
1060	0.10475596	0.03193178	0.11613766	0.09348163	0.65369296
1080	0.10271657	0.03088885	0.12764654	0.11277228	0.62597575
1100	0.10608325	0.02637040	0.12074275	0.12530759	0.62149601
1120	0.10565708	0.02956471	0.11785169	0.10716629	0.63976023
1140	0.10664333	0.03276222	0.12678636	0.11291187	0.62089621
1160	0.10547593	0.02262577	0.11710381	0.08792148	0.66687301
1180	0.09935449	0.03436673	0.12188635	0.11135742	0.63303501
1200	0.11146480	0.03300138	0.12154920	0.09444483	0.63953980
1220	0.10949178	0.03324925	0.11478677	0.11474565	0.62772656
1240	0.10945683	0.03144592	0.11693668	0.10743005	0.63473052
1260	0.12330185	0.03584548	0.13299004	0.09008538	0.61777726
1280	0.11838798	0.02624995	0.13230501	0.11481922	0.60823784
1300	0.10045801	0.03024879	0.12406392	0.10877080	0.63645847
1320	0.11672620	0.02953220	0.13123550	0.10021460	0.62229150
1340	0.12712745	0.03094659	0.11351211	0.10163454	0.62677932
1360	0.10629916	0.03341730	0.13179551	0.10795591	0.62053211
1380	0.10805770	0.03831082	0.12444292	0.10981536	0.61937320
1400	0.10310829	0.02827613	0.12430634	0.11083648	0.63347277
1420	0.11581138	0.03476406	0.12621219	0.10897157	0.61424081
1440	0.11552251	0.03216051	0.11844937	0.10229692	0.63157070
1460	0.11911057	0.03278979	0.10624325	0.09790908	0.64394731
1480	0.09721203	0.03015849	0.13018607	0.10100145	0.64144196
1500	0.10490611	0.03052159	0.12355658	0.09853597	0.64247976
1520	0.10148687	0.04081189	0.12979206	0.10419788	0.62371130
1540	0.11181110	0.03265727	0.12318359	0.08790864	0.64443940
1560	0.12085864	0.03026216	0.11084703	0.10535186	0.63268031
1580	0.10177273	0.03185056	0.11596582	0.11285025	0.63756064
1600	0.12275190	0.02674506	0.11752752	0.09592704	0.63704847
1620	0.11129266	0.03229618	0.11623423	0.10428284	0.63589410
1640	0.10160740	0.03162216	0.11923201	0.10592169	0.64161674
1660	0.10776844	0.02907646	0.11656253	0.09348418	0.65310839
1680	0.10675637	0.03277037	0.12186496	0.09224076	0.64636754
1700	0.10687189	0.03352839	0.11651681	0.10223764	0.64084527
1720	0.10807849	0.02988974	0.11799544	0.10477330	0.63926303
1740	0.10759732	0.03547946	0.11340839	0.11256082	0.63095401
1760	0.11053848	0.02990724	0.12632508	0.10749907	0.62573013
1780	0.11275005	0.02997736	0.12228064	0.09999278	0.63499917
1800	0.10736793	0.03096245	0.12698566	0.09787819	0.63680577
1820	0.10654276	0.03339140	0.12760572	0.10734757	0.62511254
1840	0.11595130	0.03295494	0.11451121	0.10449578	0.63208676
1860	0.10027819	0.02284610	0.12571634	0.10882019	0.64233918
1880	0.10184811	0.02926591	0.13225654	0.11613537	0.62049407
1900	0.10344667	0.03108452	0.11207506	0.10421731	0.64917644
1920	0.10298576	0.03594561	0.11631711	0.12226099	0.62249053
1940	0.10953261	0.03872887	0.11797462	0.09819459	0.63556931
1960	0.10452160	0.02852257	0.12105493	0.10494744	0.64095347
1980	0.11355938	0.03178161	0.11528543	0.09354609	0.64582748
2000	0.11332031	0.03361460	0.12924722	0.11027886	0.61353901
2020	0.11280888	0.03540635	0.11779693	0.09972382	0.63426403
2040	0.10828693	0.02907475	0.12398242	0.10923278	0.62942313
2060	0.11252229	0.03541027	0.12328416	0.11241529	0.61636799
2080	0.11225751	0.02910940	0.12827578	0.09353437	0.63682294
2100	0.11433326	0.02844758	0.12461931	0.10296610	0.62963375
2120	0.10445309	0.03058648	0.12401650	0.10737794	0.63356599
2140	0.09390297	0.03836747	0.11896853	0.10574512	0.64301591
2160	0.11201992	0.03432982	0.13044234	0.09882696	0.62438095
2180	0.10038002	0.02844653	0.11956455	0.11274947	0.63885943
2200	0.11326476	0.03386631	0.12610122	0.10425155	0.62251616
2220	0.13236718	0.02836455	0.11354467	0.10103411	0.62468950
2240	0.11693960	0.03232442	0.11898375	0.10353906	0.62821318
2260	0.10669252	0.03119502	0.12613662	0.10281378	0.63316206
2280	0.12127813	0.02881636	0.12018862	0.11254394	0.61717295
2300	0.11206015	0.03037176	0.10020683	0.10860372	0.64875754
2320	0.11220444	0.03108853	0.11866440	0.09759459	0.64044804
2340	0.10486198	0.03093890	0.11464361	0.10431298	0.64524253
2360	0.11273055	0.03300344	0.11977343	0.10447005	0.63002253
2380	0.10360661	0.03301521	0.12040263	0.11092017	0.63205539
2400	0.10254800	0.03288205	0.11842492	0.11999896	0.62614608
2420	0.11318677	0.03090024	0.12822209	0.10256142	0.62512947
2440	0.11176775	0.02788845	0.11314378	0.11668938	0.63051065
2460	0.11304006	0.03471316	0.11223966	0.09969186	0.64031525
2480	0.10457047	0.03047442	0.12202523	0.10171253	0.64121734
2500	0.11774730	0.03405893	0.12567761	0.09423110	0.62828506
2520	0.11238695	0.03282715	0.11596068	0.09625005	0.64257517
2540	0.11313767	0.03340949	0.12543666	0.09906557	0.62895061
2560	0.10833709	0.02885696	0.11168088	0.10117397	0.64995109
2580	0.11374636	0.03782818	0.10542300	0.09515788	0.64784458
2600	0.10553271	0.03462720	0.12250222	0.11110624	0.62623163
2620	0.10621845	0.03550526	0.11028048	0.11276613	0.63522968
2640	0.10807087	0.03458650	0.12290263	0.09487997	0.63956003
2660	0.11009717	0.02835051	0.11826422	0.10522521	0.63806289
2680	0.10681397	0.03187136	0.11673501	0.12036016	0.62421949
2700	0.10009957	0.03890173	0.12666469	0.11057542	0.62375860
2720	0.11152602	0.03261789	0.12158629	0.09276391	0.64150589
2740	0.10222012	0.02847575	0.10957678	0.10597399	0.65375334
2760	0.09872416	0.02864110	0.12578525	0.11564689	0.63120261
2780	0.12106585	0.03006906	0.12213074	0.10798285	0.61875150
2800	0.10767027	0.03404723	0.11407705	0.09799017	0.64621527
2820	0.10314556	0.03155584	0.12566153	0.10330966	0.63632740
2840	0.11045473	0.03043923	0.10892338	0.11525748	0.63492518
2860	0.11530243	0.04064853	0.11933119	0.10471229	0.62000556
2880	0.10821234	0.03132742	0.11252076	0.11375241	0.63418707
2900	0.11161585	0.02657310	0.11927058	0.10942351	0.63311696
2920	0.10066143	0.03872525	0.13012218	0.11002397	0.62046717
2940	0.11180898	0.03274261	0.11822623	0.10846729	0.62875490
2960	0.10690957	0.03847189	0.12134703	0.11198280	0.62128871
2980	0.11137792	0.02500666	0.11567530	0.11473212	0.63320800
3000	0.10431634	0.03229416	0.11876525	0.11349982	0.63112444
3020	0.11086677	0.03259716	0.11662549	0.11075917	0.62915141
3040	0.09507644	0.03618200	0.12564906	0.09646808	0.64662441
3060	0.10428089	0.03296338	0.11964153	0.10480613	0.63830807
3080	0.10981713	0.03008947	0.11618126	0.10754117	0.63637097
3100	0.11412618	0.03137220	0.12472517	0.09171169	0.63806475
3120	0.10752758	0.03467151	0.12197986	0.09857813	0.63724292
3140	0.10000045	0.03424029	0.11859746	0.11342729	0.63373451
3160	0.11132327	0.02495569	0.11288333	0.09934367	0.65149404
3180	0.11421290	0.03026799	0.11976807	0.11056984	0.62518120
3200	0.10685251	0.03959593	0.12977821	0.10150214	0.62227121
3220	0.11940093	0.03610707	0.11254863	0.09988594	0.63205743
3240	0.09117629	0.03620926	0.12271721	0.11393827	0.63595897
3260	0.10564373	0.02978757	0.13017191	0.10169196	0.63270483
3280	0.11163039	0.02958357	0.11630499	0.10917837	0.63330268
3300	0.10736068	0.04000015	0.11108769	0.09686394	0.64468754
3320	0.11320281	0.03072347	0.11926921	0.09628129	0.64052322
3340	0.11846115	0.02758153	0.12014962	0.10725632	0.62655139
3360	0.11967936	0.03576804	0.11453861	0.10231969	0.62769430
3380	0.10538153	0.02990107	0.12058673	0.11210882	0.63202185
3400	0.11029667	0.03024578	0.11490585	0.10842403	0.63612767
3420	0.10974453	0.03259408	0.11691706	0.10070276	0.64004156
3440	0.10699590	0.02949830	0.11875440	0.09245002	0.65230139
3460	0.10997599	0.03818116	0.11935412	0.09740279	0.63508594
3480	0.10847727	0.03140886	0.12824911	0.09911839	0.63274637
3500	0.11425254	0.03074282	0.11782865	0.09384969	0.64332629
3520	0.11145461	0.02506621	0.11681850	0.10784261	0.63881806
3540	0.11323902	0.04242893	0.12001200	0.09391774	0.63040231
3560	0.11731433	0.02962493	0.11879904	0.10173219	0.63252951
3580	0.12092475	0.03671399	0.11507031	0.10154169	0.62574926
3600	0.11021863	0.03325896	0.12070279	0.10678690	0.62903271
3620	0.10493957	0.03415286	0.11865181	0.10849533	0.63376043
3640	0.11142129	0.03218250	0.10937461	0.09946513	0.64755647
3660	0.10559343	0.03525853	0.13235842	0.10326029	0.62352933
3680	0.11602851	0.04148128	0.12204550	0.09409960	0.62634512
3700	0.10884791	0.03198055	0.11824818	0.08969018	0.65123318
3720	0.09984438	0.03413999	0.12269561	0.10008963	0.64323037
3740	0.11051589	0.03931033	0.11244845	0.09815770	0.63956763
3760	0.11445348	0.03585824	0.12809155	0.09251381	0.62908293
3780	0.10901338	0.03552982	0.12457941	0.10138944	0.62948795
3800	0.11262891	0.03861889	0.10894485	0.10233097	0.63747638
3820	0.10610253	0.03090811	0.13136879	0.11437235	0.61724823
3840	0.10661689	0.02527583	0.11062016	0.10660265	0.65088446
3860	0.10906750	0.03095632	0.10724362	0.09400521	0.65872734
3880	0.10127980	0.03506474	0.11704185	0.09353681	0.65307679
3900	0.11212808	0.03475085	0.11170693	0.10353516	0.63787899
3920	0.10689804	0.04072541	0.10976650	0.09638399	0.64622606
3940	0.11015029	0.03847815	0.11763054	0.09986486	0.63387616
3960	0.11270611	0.03447174	0.10854676	0.10708205	0.63719335
3980	0.10126252	0.03239322	0.11566207	0.10246217	0.64822002
4000	0.11445577	0.03098988	0.11174926	0.10826477	0.63454032
4020	0.11509294	0.03185898	0.11795583	0.10398394	0.63110830
4040	0.11274453	0.03710568	0.12172100	0.10277629	0.62565249
4060	0.10818067	0.02914472	0.11772151	0.10382246	0.64113065
4080	0.10662288	0.02431326	0.10764306	0.09971284	0.66170795
4100	0.11225437	0.02927559	0.12624622	0.11563608	0.61658773
4120	0.10503956	0.03550781	0.12429342	0.09821081	0.63694840
4140	0.11680751	0.04059106	0.10414023	0.09939716	0.63906404
4160	0.11373975	0.03174995	0.10559315	0.10112652	0.64779063
4180	0.10484310	0.03295296	0.10763775	0.11592703	0.63863916
4200	0.10565983	0.02588452	0.11563913	0.10369447	0.64912205
4220	0.12051237	0.03044057	0.11786189	0.10289175	0.62829342
4240	0.11739846	0.03509759	0.11889632	0.09806065	0.63054699
4260	0.11154872	0.03757282	0.13256046	0.10947757	0.60884044
4280	0.11190476	0.02724291	0.12812175	0.09369803	0.63903254
4300	0.11280166	0.03495285	0.11693339	0.10983257	0.62547952
4320	0.12109942	0.03161321	0.11251312	0.11138897	0.62338527
4340	0.11515033	0.02200132	0.11833987	0.10766522	0.63684326
4360	0.09760462	0.03232001	0.12518349	0.10618248	0.63870940
4380	0.11995263	0.03163207	0.09965372	0.10930273	0.63945885
4400	0.11144685	0.03051589	0.12781741	0.11711554	0.61310430
4420	0.09440619	0.02902767	0.11197017	0.10938245	0.65521353
4440	0.10629562	0.03717902	0.11733039	0.10272945	0.63646552
4460	0.11595106	0.03405869	0.10455765	0.12418150	0.62125110
4480	0.11396401	0.03395480	0.11536084	0.10788377	0.62883659
4500	0.10689071	0.02932305	0.10405053	0.11516279	0.64457293
4520	0.10193908	0.03294198	0.11807490	0.10941472	0.63762932
4540	0.10407878	0.03204132	0.12324815	0.11900266	0.62162909
4560	0.10231643	0.03330689	0.11704472	0.11112145	0.63621051
4580	0.11160960	0.03811149	0.12294441	0.10642586	0.62090863
4600	0.10235835	0.02922729	0.11583323	0.10138458	0.65119655
4620	0.10611089	0.03554992	0.12151591	0.11977788	0.61704541
4640	0.11913659	0.03406086	0.11485457	0.09733023	0.63461775
4660	0.11080595	0.03488834	0.11577388	0.10621086	0.63232097
4680	0.10783011	0.03935335	0.12490211	0.10270452	0.62520992
4700	0.11500412	0.03482414	0.12202064	0.08548615	0.64266495
4720	0.12000853	0.03877244	0.11587837	0.09711199	0.62822867
4740	0.10987362	0.03191589	0.11641295	0.10109732	0.64070020
4760	0.10775210	0.03451032	0.09829673	0.10018797	0.65925287
4780	0.11136488	0.03722508	0.13075273	0.08998126	0.63067605
4800	0.11908470	0.02608663	0.12947588	0.11061091	0.61474188
4820	0.11543194	0.03303106	0.11035791	0.09752921	0.64364987
4840	0.08774934	0.03394206	0.11758471	0.10447021	0.65625368
4860	0.10490368	0.03086043	0.12064937	0.11528271	0.62830381
4880	0.10585110	0.03287097	0.12293767	0.09398872	0.64435154
4900	0.10593109	0.03068081	0.12303578	0.10985392	0.63049839
4920	0.10842077	0.02873919	0.12067677	0.11178462	0.63037865
4940	0.11265702	0.03095914	0.11823146	0.09362072	0.64453167
4960	0.11319528	0.03829647	0.11897424	0.10460382	0.62493019
4980	0.10447592	0.04349192	0.10993523	0.11170457	0.63039236
5000	0.10724925	0.03406917	0.12573237	0.10840080	0.62454842
5020	0.12137464	0.03089697	0.12575222	0.10466390	0.61731227
5040	0.11817047	0.02855720	0.11930805	0.09231284	0.64165145
5060	0.10800877	0.03200631	0.12088733	0.10958063	0.62951696
5080	0.11033777	0.03928677	0.11291884	0.09701727	0.64043934
5100	0.11858658	0.03470648	0.11962922	0.09878513	0.62829259
5120	0.11261393	0.03247325	0.11378871	0.11569185	0.62543226
5140	0.10610509	0.03488041	0.12457766	0.10825701	0.62617983
5160	0.12144375	0.03161485	0.12255047	0.10543206	0.61895887
5180	0.12277625	0.03103213	0.12050024	0.10001798	0.62567340
5200	0.10814923	0.03791246	0.11886203	0.11238382	0.62269246
5220	0.11040825	0.03304301	0.11274633	0.12593867	0.61786373
5240	0.10689025	0.03722883	0.13754326	0.09674266	0.62159500
5260	0.10765679	0.04147333	0.13341626	0.10177169	0.61568194
5280	0.10893909	0.03816905	0.11684286	0.09602882	0.64002017
5300	0.10373390	0.03685070	0.11343404	0.09052736	0.65545400
5320	0.11626806	0.03355470	0.11830677	0.10721523	0.62465523
5340	0.11406881	0.03147410	0.12159489	0.10423884	0.62862336
5360	0.11136953	0.03459676	0.12076749	0.10935413	0.62391208
5380	0.10439329	0.03446163	0.12383285	0.09602070	0.64129153
5400	0.10655852	0.03247970	0.12779796	0.11656864	0.61659519
5420	0.10957557	0.03144469	0.11571696	0.10360992	0.63965286
5440	0.11156417	0.03314244	0.12862214	0.10009447	0.62657677
5460	0.11141969	0.03624487	0.11370582	0.10672493	0.63190468
5480	0.10784435	0.03547028	0.11400044	0.09544441	0.64724052
5500	0.10110857	0.03442182	0.11563915	0.09484587	0.65398459
5520	0.09824225	0.02911931	0.12276138	0.08991670	0.65996036
5540	0.09546676	0.03709362	0.12471695	0.11909891	0.62362376
5560	0.11538284	0.03935063	0.10618451	0.11708761	0.62199440
5580	0.10948321	0.02459262	0.11580364	0.10738357	0.64273697
5600	0.11277086	0.02909271	0.13191212	0.10977993	0.61644437
5620	0.12101174	0.03558181	0.11846084	0.10473965	0.62020596
5640	0.10197606	0.03095824	0.11900358	0.09734454	0.65071758
5660	0.10915495	0.03419917	0.12091709	0.10864509	0.62708371
5680	0.10881091	0.03382123	0.11955308	0.10507367	0.63274112
5700	0.10812822	0.03154639	0.12291311	0.10571203	0.63170025
5720	0.09968459	0.03685114	0.11354767	0.12201164	0.62790496
5740	0.11812345	0.03540715	0.12530368	0.09938339	0.62178234
5760	0.10498976	0.03322426	0.12958141	0.10908923	0.62311534
5780	0.11924377	0.03235749	0.12348366	0.09940402	0.62551106
5800	0.10661346	0.03323996	0.11287967	0.11129512	0.63597179
5820	0.10239881	0.03660867	0.12697462	0.11061808	0.62339982
5840	0.11461026	0.03596196	0.11085614	0.11428815	0.62428349
5860	0.11279316	0.02486015	0.12111076	0.10572693	0.63550901
5880	0.11742999	0.02642039	0.11995409	0.10595354	0.63024198
5900	0.10658267	0.03387475	0.12893154	0.11106739	0.61954365
5920	0.11356886	0.03805630	0.11796199	0.10372780	0.62668504
5940	0.11450759	0.03690482	0.12525142	0.10255778	0.62077839
5960	0.09798115	0.03750615	0.11326204	0.10542655	0.64582411
5980	0.11403986	0.02736815	0.11403266	0.10776841	0.63679092
6000	0.10130650	0.03432476	0.13238837	0.09843691	0.63354346
6020	0.11496112	0.03850217	0.11689845	0.10549993	0.62413833
6040	0.11268059	0.03098504	0.11850825	0.11400301	0.62382312
6060	0.10634199	0.03134024	0.11866980	0.11017922	0.63346875
6080	0.12918261	0.02988724	0.12322542	0.09761865	0.62008608
6100	0.11122217	0.03176326	0.11890103	0.09915170	0.63896184
6120	0.12533059	0.02893021	0.11079050	0.09580666	0.63914205
6140	0.11709898	0.03029737	0.12066997	0.09844108	0.63349260
6160	0.11634122	0.02916350	0.11084975	0.10267511	0.64097042
6180	0.11333998	0.03449796	0.11670622	0.11976459	0.61569125
6200	0.11071188	0.03556880	0.10785520	0.10975921	0.63610491
6220	0.10630176	0.03636571	0.11589283	0.11341596	0.62802375
6240	0.10661737	0.02802223	0.11795522	0.11367173	0.63373345
6260	0.10981680	0.02647253	0.11859660	0.09616922	0.64894485
6280	0.10018938	0.03002886	0.12851512	0.10595396	0.63531268
6300	0.10003559	0.03896923	0.11269665	0.11032648	0.63797205
6320	0.10879463	0.03077727	0.12056673	0.10428079	0.63558058
6340	0.11018380	0.02639033	0.12293430	0.09957906	0.64091251
6360	0.10363778	0.03475619	0.12859421	0.10012201	0.63288981
6380	0.11192849	0.03474634	0.10824030	0.09922826	0.64585661
6400	0.10673517	0.03801496	0.11485178	0.11274165	0.62765644
6420	0.11252238	0.03686989	0.12264022	0.10342691	0.62454059
6440	0.11539596	0.03364406	0.11582658	0.10096218	0.63417122
6460	0.10188853	0.03319553	0.10842951	0.11150061	0.64498583
6480	0.10159428	0.03605183	0.12621433	0.08285342	0.65328614
6500	0.11928102	0.03381262	0.12086810	0.09472545	0.63131280
6520	0.12696718	0.03119067	0.11905378	0.10038120	0.62240717
6540	0.10799594	0.02928575	0.12511477	0.10212956	0.63547398
6560	0.11347308	0.03177892	0.12020589	0.10079272	0.63374939
6580	0.11874285	0.02762225	0.11738500	0.09867433	0.63757557
6600	0.11778202	0.02973613	0.11932965	0.10515772	0.62799448
6620	0.10390408	0.02896027	0.12856411	0.10173512	0.63683642
6640	0.10648388	0.02993980	0.11274243	0.11382659	0.63700729
6660	0.13327857	0.03956290	0.11449506	0.09075163	0.62191185
6680	0.10741217	0.03040580	0.12478879	0.09507926	0.64231398
6700	0.10744590	0.03438005	0.11418531	0.10381600	0.64017274
6720	0.12027359	0.02956269	0.11720716	0.10184283	0.63111373
6740	0.10644204	0.03121178	0.12281315	0.10206284	0.63747018
6760	0.10442836	0.03354351	0.12731879	0.10299580	0.63171354
6780	0.11955743	0.03522064	0.12476619	0.09745300	0.62300274
6800	0.10487521	0.03713822	0.12329175	0.10345992	0.63123490
6820	0.12439779	0.02782487	0.12238495	0.09807401	0.62731838
6840	0.11087650	0.03054193	0.11921153	0.10004768	0.63932236
6860	0.11370103	0.03112913	0.11889504	0.09318168	0.64309311
6880	0.09725933	0.02760148	0.11821074	0.11034069	0.64658776
6900	0.11774927	0.02460318	0.11543107	0.10299422	0.63922226
6920	0.10711876	0.03197635	0.11946492	0.10322525	0.63821473
6940	0.12375828	0.03210906	0.12752245	0.09277087	0.62383934
6960	0.10717769	0.02610915	0.13107622	0.10710380	0.62853314
6980	0.11309655	0.02844524	0.13022557	0.10888971	0.61934293
7000	0.12240687	0.03351926	0.12285180	0.09665650	0.62456556
7020	0.11560812	0.03262819	0.12877359	0.09358315	0.62940695
7040	0.11251257	0.02591831	0.11235686	0.12281234	0.62639992
7060	0.11044983	0.03540502	0.09835797	0.09718764	0.65859954
7080	0.11007648	0.03563057	0.12201792	0.10153165	0.63074338
7100	0.11747256	0.03045928	0.10913845	0.09465807	0.64827163
7120	0.11703497	0.03151732	0.11817780	0.10702728	0.62624263
7140	0.13080943	0.02825356	0.11344381	0.09571409	0.63177911
7160	0.10322042	0.03540196	0.12899319	0.10085674	0.63152769
7180	0.10537064	0.02398513	0.12050772	0.10929542	0.64084108
7200	0.11969731	0.02598452	0.11274379	0.10132381	0.64025058
7220	0.10946116	0.03408843	0.13076167	0.09143841	0.63425033
7240	0.10777932	0.03009701	0.11216571	0.10957615	0.64038181
7260	0.10976376	0.02950114	0.11790821	0.11488608	0.62794081
7280	0.10175391	0.03352555	0.13917741	0.11230826	0.61323488
7300	0.09989773	0.03839055	0.11088790	0.10776444	0.64305938
7320	0.12034299	0.02967062	0.12101070	0.11284782	0.61612787
7340	0.11150665	0.02824410	0.10958608	0.11047345	0.64018972
7360	0.10968218	0.03346716	0.11344931	0.10573703	0.63766432
7380	0.10247987	0.02923589	0.11998006	0.09689531	0.65140887
7400	0.10387722	0.03445326	0.11548120	0.10075543	0.64543289
7420	0.10267988	0.03236741	0.13249963	0.11737400	0.61507909
7440	0.10324895	0.03340850	0.12762156	0.10338496	0.63233603
7460	0.11664103	0.02783325	0.11898954	0.10436907	0.63216711
7480	0.10978474	0.03557421	0.11272600	0.10357847	0.63833658
7500	0.10606176	0.03669975	0.12240538	0.10332508	0.63150803
7520	0.11009708	0.02804607	0.13034930	0.10948036	0.62202720
7540	0.11742198	0.03831287	0.12134053	0.10025130	0.62267331
7560	0.12051786	0.02954303	0.12953909	0.10775242	0.61264760
7580	0.11849988	0.03728336	0.10684817	0.11123232	0.62613627
7600	0.10122593	0.03494210	0.11456752	0.09751877	0.65174567
7620	0.11653393	0.03137521	0.12433766	0.09520871	0.63254448
7640	0.10242006	0.03712192	0.11164654	0.10786990	0.64094158
7660	0.11125895	0.03538197	0.12092107	0.11127102	0.62116699
7680	0.10193791	0.03255713	0.12347250	0.10032743	0.64170503
7700	0.10897124	0.03410751	0.12529660	0.09856116	0.63306349
7720	0.10889600	0.03051369	0.11877144	0.10240104	0.63941783
7740	0.10898640	0.02892143	0.11193328	0.11288678	0.63727212
7760	0.10695871	0.03049181	0.12066422	0.10563077	0.63625449
7780	0.11006456	0.02978323	0.12027215	0.09755535	0.64232471
7800	0.11624129	0.03425023	0.11989302	0.11174116	0.61787431
7820	0.13304313	0.03180864	0.11477571	0.10047855	0.61989397
7840	0.12163900	0.03138085	0.12201025	0.11110945	0.61386045
7860	0.12508946	0.03007781	0.11582412	0.09747705	0.63153156
7880	0.11089426	0.02938014	0.12960271	0.10798879	0.62213410
7900	0.11266374	0.03041140	0.11361010	0.11258485	0.63072991
7920	0.10706163	0.02958266	0.11687026	0.11566274	0.63082270
7940	0.10641827	0.03426226	0.12279215	0.11480029	0.62172702
7960	0.11252491	0.03397174	0.11894588	0.10988327	0.62467420
7980	0.12448474	0.04118788	0.10890654	0.09982865	0.62559218
8000	0.10291754	0.03509295	0.11978740	0.10129955	0.64090257
8020	0.10820711	0.03067714	0.12886020	0.10849272	0.62376283
8040	0.11641934	0.03097648	0.11821128	0.11372627	0.62066664
8060	0.11739695	0.03159871	0.11239289	0.10930879	0.62930265
8080	0.11653224	0.03411682	0.14232948	0.09621107	0.61081038
8100	0.10625147	0.03680397	0.13435863	0.09366656	0.62891936
8120	0.11641298	0.02800436	0.12735737	0.10509768	0.62312762
8140	0.12343351	0.03888052	0.11138269	0.10254577	0.62375751
8160	0.10160008	0.04012334	0.11559264	0.10441157	0.63827237
8180	0.11587785	0.02738654	0.11660371	0.10025841	0.63987348
8200	0.10173222	0.03137865	0.11592350	0.10529080	0.64567484
8220	0.11924829	0.03330387	0.11575238	0.10346230	0.62823317
8240	0.10992188	0.02829231	0.12600538	0.10799498	0.62778546
8260	0.11087729	0.02943794	0.11602098	0.10679716	0.63686664
8280	0.11143513	0.03452386	0.12033161	0.09937837	0.63433103
8300	0.10523465	0.03069125	0.12388567	0.10241433	0.63777409
8320	0.11585016	0.03065098	0.11803128	0.11223453	0.62323305
8340	0.10694426	0.03448965	0.14195331	0.10572919	0.61088358
8360	0.11354093	0.04087473	0.12504807	0.09451554	0.62602073
8380	0.11612885	0.03158514	0.12112104	0.10664389	0.62452108
8400	0.11484223	0.03128336	0.12507813	0.10581092	0.62298536
8420	0.10686949	0.03193673	0.12665694	0.11066607	0.62387077
8440	0.11717943	0.02757038	0.12970294	0.10350360	0.62204366
8460	0.11239951	0.03048175	0.11586048	0.10609304	0.63516522
8480	0.09998889	0.02919495	0.11704675	0.11503909	0.63873032
8500	0.10848079	0.03228953	0.11732344	0.11030108	0.63160517
8520	0.10965803	0.03300826	0.11717446	0.10533046	0.63482879
8540	0.10081250	0.03050670	0.11367032	0.11955048	0.63545999
8560	0.11723779	0.03309868	0.11482537	0.11229993	0.62253823
8580	0.09971579	0.02952726	0.12224623	0.10290408	0.64560665
8600	0.11518424	0.03356819	0.11726656	0.10400255	0.62997846
8620	0.11144691	0.02873302	0.12487758	0.10354877	0.63139372
8640	0.11491859	0.02832929	0.10598977	0.08622498	0.66453737
8660	0.10085214	0.03371733	0.11380427	0.11426363	0.63736262
8680	0.11617018	0.03367721	0.11383242	0.10401208	0.63230812
8700	0.10812462	0.03875026	0.11353883	0.10218291	0.63740340
8720	0.10464794	0.03692863	0.12212400	0.12387812	0.61242132
8740	0.10449448	0.03054455	0.12709096	0.10821547	0.62965455
8760	0.09263580	0.02696167	0.11851962	0.11493899	0.64694392
8780	0.10987960	0.03419103	0.10884700	0.10132755	0.64575481
8800	0.11178603	0.02843042	0.11656203	0.11152881	0.63169271
8820	0.10905989	0.02858738	0.13519939	0.09344294	0.63371039
8840	0.11070763	0.03014142	0.11932962	0.10538801	0.63443332
8860	0.10774312	0.03234191	0.11522055	0.10706256	0.63763187
8880	0.11379996	0.03914900	0.12618185	0.10492364	0.61594555
8900	0.11434808	0.03157621	0.11238380	0.10602938	0.63566253
8920	0.10234272	0.03964608	0.12343663	0.10487347	0.62970110
8940	0.11043024	0.03148763	0.11636867	0.11291863	0.62879483
8960	0.11846992	0.03562167	0.10857010	0.11373747	0.62360084
8980	0.09719333	0.03677894	0.12035086	0.10821786	0.63745902
9000	0.11543785	0.02843437	0.11382393	0.10564506	0.63665878
9020	0.09473261	0.04045858	0.12151392	0.10551070	0.63778419
9040	0.09821074	0.03448670	0.12066969	0.10241837	0.64421450
9060	0.09760037	0.03333770	0.11410021	0.12059881	0.63436292
9080	0.10192092	0.03269191	0.12254292	0.09872553	0.64411873
9100	0.10332631	0.03536943	0.12765600	0.10288588	0.63076237
9120	0.11127308	0.03431657	0.11151408	0.10028210	0.64261417
9140	0.10594627	0.03892459	0.12065620	0.10074656	0.63372639
9160	0.11875126	0.02751345	0.11660823	0.10368397	0.63344309
9180	0.11818386	0.03297997	0.13219064	0.09302055	0.62362498
9200	0.11024182	0.03094827	0.11744470	0.09827547	0.64308974
9220	0.10925382	0.02531694	0.12234313	0.09960800	0.64347811
9240	0.10931876	0.03496434	0.13035773	0.09760641	0.62775276
9260	0.11503882	0.03073684	0.12935436	0.09164050	0.63322947
9280	0.10817273	0.03708080	0.11007004	0.10704599	0.63763044
9300	0.11228808	0.03839470	0.12130556	0.10724108	0.62077058
9320	0.11140089	0.02909530	0.12530316	0.08907567	0.64512498
9340	0.11425854	0.02980901	0.10813713	0.08698864	0.66080669
9360	0.11893668	0.03387435	0.11226813	0.11839010	0.61653075
9380	0.10825176	0.03594290	0.12143900	0.11232496	0.62204138
9400	0.11161246	0.02671422	0.13405451	0.10496391	0.62265489
9420	0.09814813	0.03176964	0.11203472	0.11123007	0.64681744
9440	0.10419338	0.03406474	0.12347627	0.10589303	0.63237258
9460	0.11290611	0.03955911	0.11251345	0.09461107	0.64041026
9480	0.11160566	0.03582783	0.10972908	0.10462123	0.63821621
9500	0.11075352	0.03156044	0.11856801	0.10770794	0.63141009
9520	0.11088649	0.02613149	0.12927463	0.10057132	0.63313607
9540	0.11606315	0.03679593	0.12526708	0.11525010	0.60662374
9560	0.11859838	0.03175345	0.12692611	0.09999348	0.62272859
9580	0.10522113	0.03683600	0.11863917	0.10176171	0.63754199
9600	0.11905628	0.03343033	0.11370358	0.11698265	0.61682716
9620	0.10785260	0.03273454	0.11026375	0.10596745	0.64318166
9640	0.10619778	0.03089913	0.12167629	0.10668767	0.63453915
9660	0.10148338	0.04250285	0.11664693	0.09541896	0.64394788
9680	0.11560636	0.03384798	0.11272893	0.10785256	0.62996417
9700	0.11679638	0.02781957	0.12965414	0.10933266	0.61639723
9720	0.11081529	0.03695672	0.12395748	0.09969119	0.62857932
9740	0.10502531	0.02774905	0.10899611	0.10327595	0.65495359
9760	0.12014416	0.03014427	0.10712810	0.11057211	0.63201136
9780	0.11576793	0.04074883	0.12878709	0.09235901	0.62233714
9800	0.10194211	0.03456283	0.12395294	0.11752428	0.62201784
9820	0.10701018	0.03295180	0.12467329	0.11791022	0.61745451
9840	0.11202982	0.02857511	0.12370576	0.09834794	0.63734137
9860	0.12071110	0.03482599	0.11082668	0.10578132	0.62785491
9880	0.10270057	0.03819561	0.14113616	0.11483026	0.60313740
9900	0.11735118	0.03842905	0.10646384	0.10410103	0.63365489
9920	0.10684607	0.03746721	0.12234832	0.10569182	0.62764657
9940	0.10878160	0.03093402	0.12228685	0.10814679	0.62985074
9960	0.11425705	0.04355286	0.11479836	0.10485760	0.62253414
9980	0.10314363	0.03352824	0.12258671	0.09664914	0.64409227
10000	0.10628391	0.03015759	0.12889485	0.09983188	0.63483177
10020	0.11820206	0.03310518	0.10512406	0.10981935	0.63374935
10040	0.11711187	0.04148293	0.10429323	0.09792227	0.63918970
10060	0.11370515	0.03372540	0.11051914	0.11848009	0.62357022
10080	0.11660821	0.03541758	0.10702444	0.10826996	0.63267980
10100	0.10955334	0.03345175	0.12540933	0.10309167	0.62849391
10120	0.11446349	0.02603794	0.11862153	0.09480742	0.64606963
10140	0.11336583	0.03898784	0.12309676	0.08988017	0.63466940
10160	0.10164992	0.03452473	0.11532681	0.11085997	0.63763857
10180	0.10742809	0.03138533	0.11057568	0.12248912	0.62812178
10200	0.11371704	0.03297768	0.12030890	0.09605329	0.63694309
10220	0.11476742	0.03346898	0.10894364	0.10616475	0.63665521
10240	0.11680385	0.03142329	0.12662644	0.11435198	0.61079444
10260	0.09880129	0.03275431	0.11407770	0.10951180	0.64485491
10280	0.11975651	0.03467905	0.11960701	0.10609442	0.61986300
10300	0.10850063	0.03116705	0.11908174	0.09431709	0.64693350
10320	0.11686940	0.03506407	0.10890963	0.10646781	0.63268909
10340	0.10333066	0.03113223	0.11882202	0.10053159	0.64618350
10360	0.10623826	0.03047363	0.11745110	0.09841354	0.64742347
10380	0.10856044	0.03769668	0.11627831	0.10405558	0.63340900
10400	0.09851220	0.03898865	0.12208919	0.10902438	0.63138559
10420	0.11788990	0.04074328	0.12811336	0.10445740	0.60879606
10440	0.11251953	0.03435302	0.11339842	0.10056586	0.63916317
10460	0.10284705	0.03250837	0.12339678	0.09237817	0.64886963
10480	0.10263675	0.03405107	0.12244148	0.09558540	0.64528531
10500	0.10747330	0.03788132	0.11999009	0.11206038	0.62259492
10520	0.10217954	0.03173244	0.12172515	0.10304054	0.64132233
10540	0.11317344	0.03189888	0.12693847	0.09653787	0.63145135
10560	0.11832146	0.02898158	0.12559975	0.10548741	0.62160980
10580	0.11338111	0.03586233	0.10649966	0.09880872	0.64544817
10600	0.09614941	0.03835873	0.11695443	0.09463817	0.65389926
10620	0.11039432	0.03160515	0.12201355	0.09331294	0.64267404
10640	0.11140015	0.03316249	0.12581490	0.10498536	0.62463711
10660	0.10421694	0.03183876	0.11219443	0.11858812	0.63316175
10680	0.11314666	0.02751884	0.12387711	0.08918704	0.64627035
10700	0.11821166	0.02623385	0.11719925	0.09626145	0.64209380
10720	0.11317539	0.03134829	0.11895564	0.09908084	0.63743984
10740	0.11315119	0.03227982	0.11141380	0.10000370	0.64315148
10760	0.10624937	0.03420090	0.11695542	0.10672605	0.63586825
10780	0.11299693	0.03230528	0.11695007	0.10384488	0.63390283
10800	0.10701309	0.03684885	0.11280442	0.10362012	0.63971352
10820	0.10617071	0.03207872	0.13091908	0.10557844	0.62525306
10840	0.12221590	0.03401598	0.11783557	0.10948886	0.61644369
10860	0.11314307	0.02760506	0.12819504	0.10724741	0.62380941
10880	0.11584854	0.03074408	0.11117024	0.09732264	0.64491449
10900	0.10964134	0.03477832	0.12782518	0.09963984	0.62811533
10920	0.10955061	0.03789823	0.11505969	0.09482965	0.64266181
10940	0.09847097	0.02675648	0.12214359	0.08814466	0.66448430
10960	0.11559084	0.03195117	0.12472875	0.10553287	0.62219638
10980	0.12215873	0.03029780	0.11335291	0.10840171	0.62578885
11000	0.10651271	0.03732489	0.13092481	0.09541065	0.62982694
11020	0.11792025	0.02812399	0.11817545	0.11947307	0.61630724
11040	0.12105033	0.03138823	0.10455175	0.11620021	0.62680949
11060	0.10362651	0.03331799	0.12352510	0.10557524	0.63395515
11080	0.11275353	0.02877698	0.11826004	0.10833169	0.63187776
11100	0.09941316	0.04084102	0.12282911	0.11724274	0.61967398
11120	0.11778290	0.02884960	0.12496247	0.10409313	0.62431189
11140	0.11089037	0.02992909	0.11914029	0.10121086	0.63882938
11160	0.10323597	0.04012319	0.10975565	0.11319713	0.63368806
11180	0.11377093	0.03646349	0.12613236	0.10438749	0.61924572
11200	0.11179393	0.03599780	0.11187079	0.10155294	0.63878453
11220	0.10892764	0.03638282	0.12453133	0.10789441	0.62226380
11240	0.11507983	0.03593682	0.11040532	0.11307442	0.62550361
11260	0.11683754	0.03494242	0.11621446	0.10670606	0.62529953
11280	0.10839640	0.03604593	0.11718253	0.11183069	0.62654446
11300	0.11904268	0.03123683	0.11268645	0.10054308	0.63649097
11320	0.10796887	0.03165938	0.12613507	0.09368123	0.64055546
11340	0.11642928	0.03134604	0.11594974	0.10118791	0.63508702
11360	0.10312981	0.03996040	0.11609173	0.11016396	0.63065410
11380	0.12977818	0.03265909	0.11002269	0.10675998	0.62078006
11400	0.10575172	0.03769501	0.10708045	0.10537856	0.64409426
11420	0.12192964	0.02578654	0.10065407	0.09981842	0.65181133
11440	0.11812518	0.03397769	0.11624578	0.10033979	0.63131155
11460	0.10970580	0.03232397	0.11878289	0.10516622	0.63402112
11480	0.11176564	0.03047964	0.10549496	0.09542159	0.65683816
11500	0.11741038	0.03159131	0.12009692	0.09514958	0.63575180
11520	0.11055194	0.03166838	0.11484014	0.10539658	0.63754295
11540	0.10154908	0.03439335	0.12705008	0.09879928	0.63820821
11560	0.11309985	0.03529999	0.12041762	0.09594977	0.63523277
11580	0.10336212	0.03382737	0.12259595	0.10453480	0.63567977
11600	0.10187768	0.02280098	0.12631258	0.10934215	0.63966661
11620	0.11634357	0.02674141	0.10939614	0.11094716	0.63657171
11640	0.11644354	0.03495794	0.12440376	0.10374085	0.62045390
11660	0.10637500	0.03421255	0.11759290	0.10083558	0.64098397
11680	0.10295262	0.03466360	0.12075709	0.11324799	0.62837871
11700	0.11078576	0.03013168	0.11928745	0.10490262	0.63489249
11720	0.11738325	0.03954179	0.11946138	0.10420317	0.61941041
11740	0.11592210	0.03367568	0.11544971	0.11204395	0.62290855
11760	0.10818220	0.03688688	0.11278970	0.09673609	0.64540512
11780	0.10792200	0.03080002	0.12918907	0.09523722	0.63685169
11800	0.10413232	0.03366092	0.12750267	0.10205350	0.63265059
11820	0.11123179	0.03387582	0.11540505	0.10483215	0.63465519
11840	0.09893604	0.02696845	0.11057161	0.09120609	0.67231782
11860	0.11801538	0.03270600	0.10371406	0.11594277	0.62962179
11880	0.10699633	0.02897676	0.11244733	0.10511961	0.64645997
11900	0.10486159	0.03979426	0.11880085	0.11981446	0.61672885
11920	0.10838051	0.03141401	0.12602643	0.10223326	0.63194580
11940	0.10204016	0.03596768	0.11852560	0.10327468	0.64019188
11960	0.10668111	0.03734571	0.11157541	0.10021220	0.64418556
11980	0.10466363	0.02894841	0.11130533	0.09392843	0.66115420
12000	0.12134669	0.02835471	0.12207008	0.10703136	0.62119716
12020	0.10567371	0.02644473	0.12252495	0.10674438	0.63861224
12040	0.11457314	0.03157331	0.11864268	0.09618315	0.63902772
12060	0.12239935	0.02840845	0.12174008	0.10725744	0.62019468
12080	0.10680065	0.03320002	0.12148793	0.10632395	0.63218746
12100	0.11280133	0.02930762	0.12512285	0.10321457	0.62955364
12120	0.10334487	0.02364429	0.10816651	0.10793542	0.65690891
12140	0.09603570	0.03721372	0.11641782	0.11495529	0.63537747
12160	0.10834786	0.03315488	0.11684851	0.10355681	0.63809194
12180	0.11463612	0.03185765	0.10165332	0.09929272	0.65256018
12200	0.10502310	0.02826814	0.12101100	0.11542004	0.63027772
12220	0.11726234	0.03604355	0.10892238	0.10380640	0.63396533
12240	0.11057563	0.03260571	0.10236265	0.10282088	0.65163512
12260	0.09275142	0.03507313	0.11742189	0.10459178	0.65016178
12280	0.10985913	0.03200106	0.13169167	0.11593868	0.61050945
12300	0.11771147	0.03162542	0.11555528	0.10820908	0.62689875
12320	0.10523848	0.03203705	0.12027773	0.09686827	0.64557847
12340	0.11192036	0.02712464	0.12810759	0.10621901	0.62662841
12360	0.11185895	0.02972096	0.11508988	0.10711204	0.63621816
12380	0.11786062	0.03202086	0.12316048	0.09416151	0.63279652
12400	0.10525688	0.02880251	0.12901533	0.10399463	0.63293065
12420	0.09898746	0.02696437	0.12034575	0.10226048	0.65144195
12440	0.12629922	0.02988967	0.10780758	0.11392584	0.62207770
12460	0.10897007	0.03656869	0.11571806	0.11574629	0.62299689
12480	0.11793910	0.03295630	0.11944800	0.10338674	0.62626986
12500	0.12233943	0.03549112	0.11475328	0.09497914	0.63243703
12520	0.10783376	0.02800611	0.11833284	0.10537936	0.64044794
12540	0.10718312	0.03077283	0.12634663	0.09586753	0.63982989
12560	0.10004568	0.03276787	0.12129640	0.10307293	0.64281712
12580	0.11197122	0.03366939	0.11210212	0.11832970	0.62392758
12600	0.11350507	0.03517197	0.10677810	0.11037757	0.63416730
12620	0.10574501	0.03091376	0.12027265	0.10568927	0.63737931
12640	0.11560942	0.03205643	0.11575473	0.08972818	0.64685124
12660	0.10664752	0.03467722	0.12379971	0.10336309	0.63151246
12680	0.10597816	0.03571683	0.11651030	0.11811440	0.62368031
12700	0.11305204	0.03573605	0.11618043	0.10963812	0.62539336
12720	0.11098843	0.03274717	0.11108222	0.10889995	0.63628223
12740	0.11695755	0.03233693	0.10834146	0.09996187	0.64240218
12760	0.12281254	0.03409982	0.10819150	0.11294717	0.62194897
12780	0.10126187	0.02998198	0.13103302	0.09323071	0.64449242
12800	0.11446359	0.03826618	0.12057486	0.10028752	0.62640787
12820	0.10082786	0.02762831	0.11708534	0.11349411	0.64096438
12840	0.10611206	0.03391952	0.11970401	0.10111355	0.63915086
12860	0.10284327	0.03587729	0.11512434	0.10598680	0.64016831
12880	0.11167602	0.03126540	0.12005454	0.10119608	0.63580795
12900	0.10019866	0.02680339	0.11857840	0.10386099	0.65055856
12920	0.11045827	0.03381169	0.11796003	0.11387411	0.62389591
12940	0.11609282	0.03440106	0.13150325	0.10487391	0.61312895
12960	0.11193612	0.03205296	0.11941756	0.09501045	0.64158290
12980	0.11000399	0.03305650	0.11703996	0.10340392	0.63649563
13000	0.11198461	0.02961997	0.12560949	0.09387288	0.63891304
13020	0.10825746	0.03564343	0.13164222	0.10050088	0.62395602
13040	0.09309954	0.03391048	0.12477231	0.10407959	0.64413807
13060	0.12660273	0.03293427	0.13527616	0.09173950	0.61344733
13080	0.09986205	0.04076670	0.11386448	0.10332606	0.64218072
13100	0.10711678	0.03988580	0.11018389	0.11426933	0.62854420
13120	0.11310276	0.03065316	0.12345871	0.10009531	0.63269005
13140	0.11129285	0.03825490	0.12005205	0.12333467	0.60706553
13160	0.10617525	0.03293253	0.11925900	0.12071521	0.62091801
13180	0.11326768	0.03388571	0.11943187	0.11155160	0.62186314
13200	0.11922050	0.03338735	0.12105249	0.09879077	0.62754889
