## trace file of reporting unit Pi values from gsi_sim.  NumBurnIn= 50000  NumSweeps= 20000 ThinningInterval= 20
SweepNumber	Norton	Upper_Yukon	Middle_Yukon	Lower_Yukon	Bristol_Bay_Kusk
0	0.11321416	0.02967054	0.11477896	0.11261182	0.62972451
20	0.11690741	0.02916159	0.11773389	0.10321660	0.63298051
40	0.10213205	0.02866950	0.12732406	0.10842278	0.63345161
60	0.11908737	0.03361117	0.11442847	0.10749445	0.62537855
80	0.10998340	0.03255245	0.11773646	0.10852343	0.63120425
100	0.10488992	0.03239410	0.10986956	0.11912718	0.63371925
120	0.10922799	0.03258247	0.12884078	0.10334004	0.62600871
140	0.11220843	0.02921184	0.12932202	0.10308496	0.62617275
160	0.11852253	0.03333672	0.11516481	0.10877646	0.62419949
180	0.11162891	0.03594423	0.11692639	0.10811882	0.62738166
200	0.11708742	0.03149855	0.11633046	0.11094206	0.62414152
220	0.10079871	0.03261815	0.11295601	0.10804804	0.64557909
240	0.09046331	0.03412473	0.12786110	0.10399924	0.64355161
260	0.11818422	0.03033544	0.11263335	0.09312161	0.64572539
280	0.10591167	0.03731625	0.11095462	0.10281325	0.64300420
300	0.11676025	0.03190611	0.13037150	0.09194186	0.62902029
320	0.11575519	0.03097210	0.12786194	0.10418989	0.62122088
340	0.09828672	0.03345365	0.12040147	0.10201533	0.64584283
360	0.10561062	0.03180396	0.11858251	0.10906993	0.63493299
380	0.11546258	0.03074000	0.11547443	0.10728641	0.63103658
400	0.11421208	0.03353045	0.11664613	0.09849550	0.63711584
420	0.11593791	0.02768935	0.12012173	0.12124522	0.61500579
440	0.11297673	0.03942424	0.11625980	0.10447716	0.62686207
460	0.10881328	0.02988401	0.11655142	0.10453926	0.64021204
480	0.10355310	0.03713638	0.11696076	0.10459890	0.63775086
500	0.09182312	0.04018298	0.11298859	0.10613940	0.64886590
520	0.10105128	0.03216199	0.11737570	0.10838813	0.64102291
540	0.11854787	0.03118183	0.11478965	0.10987971	0.62560094
560	0.10926799	0.03082116	0.10946066	0.09175610	0.65869410
580	0.09827619	0.03265695	0.11452833	0.11501706	0.63952147
600	0.11917331	0.02729723	0.12562803	0.11626007	0.61164135
620	0.11449207	0.03107259	0.12311911	0.10663810	0.62467813
640	0.11016695	0.03461162	0.11820183	0.11543707	0.62158253
660	0.11412979	0.03187778	0.11535009	0.10555461	0.63308773
680	0.10043466	0.03524633	0.11259505	0.09307361	0.65865035
700	0.10525387	0.03832021	0.11591941	0.10839267	0.63211384
720	0.11970129	0.04046172	0.12039377	0.09502303	0.62442020
740	0.10390556	0.03041337	0.12212084	0.09674352	0.64681671
760	0.12227434	0.03471666	0.11251711	0.09802362	0.63246827
780	0.11029630	0.03651034	0.10697388	0.10717977	0.63903971
800	0.11109097	0.02580403	0.11976075	0.10150997	0.64183428
820	0.10538969	0.02743132	0.11983796	0.10347480	0.64386624
840	0.11435501	0.02958479	0.11336479	0.10848894	0.63420647
860	0.11269287	0.02787455	0.13824906	0.10500141	0.61618211
880	0.11229269	0.03150371	0.12065707	0.12818449	0.60736204
900	0.09860017	0.04042024	0.12779167	0.11065676	0.62253116
920	0.10726737	0.03526105	0.12147200	0.09741070	0.63858889
940	0.11249922	0.02977064	0.11809753	0.10183514	0.63779746
960	0.11276545	0.03038021	0.11665222	0.11031321	0.62988891
980	0.11255031	0.02444638	0.12305893	0.09992934	0.64001504
1000	0.10100907	0.03449876	0.11005302	0.10691831	0.64752084
1020	0.12131394	0.02544890	0.11515921	0.10845136	0.62962659
1040	0.10582117	0.04007602	0.11988862	0.11636994	0.61784424
1060	0.11875290	0.03161793	0.12926435	0.10060243	0.61976239
1080	0.11560727	0.03132396	0.10923731	0.10463682	0.63919464
1100	0.10173653	0.03269233	0.11428716	0.11294929	0.63833469
1120	0.10778874	0.03635033	0.11016255	0.10236338	0.64333500
1140	0.11204926	0.03790275	0.11488644	0.11156214	0.62359941
1160	0.11143311	0.03270207	0.13159654	0.10157676	0.62269152
1180	0.10181552	0.03253474	0.12245338	0.10297765	0.64021871
1200	0.11743985	0.02858176	0.12356648	0.10432477	0.62608714
1220	0.10230509	0.03238520	0.12586812	0.10471122	0.63473037
1240	0.11446170	0.03562487	0.11899282	0.10501325	0.62590736
1260	0.09760361	0.02838681	0.12280372	0.11024002	0.64096584
1280	0.11123689	0.03285878	0.12855046	0.10944562	0.61790826
1300	0.10192656	0.03187976	0.12148819	0.09299116	0.65171433
1320	0.10365421	0.02875495	0.12684536	0.10507172	0.63567375
1340	0.12121784	0.02656437	0.11594585	0.10837389	0.62789805
1360	0.10784600	0.03221462	0.12606402	0.10732089	0.62655447
1380	0.11127493	0.03467039	0.12180399	0.12775710	0.60449360
1400	0.10548261	0.03917276	0.11289706	0.10440083	0.63804674
1420	0.09477931	0.03775045	0.11137777	0.10871513	0.64737734
1440	0.10814377	0.03055136	0.11849726	0.10796391	0.63484370
1460	0.09418499	0.02786820	0.11491188	0.10445598	0.65857895
1480	0.12904645	0.03209333	0.12200647	0.10968621	0.60716755
1500	0.09698486	0.03065998	0.12973256	0.12161944	0.62100317
1520	0.10507682	0.03491503	0.12778253	0.11901426	0.61321136
1540	0.12267885	0.03347557	0.12043175	0.10631217	0.61710167
1560	0.11109859	0.03162783	0.11588720	0.11154463	0.62984175
1580	0.11633349	0.02287973	0.11271341	0.09929525	0.64877813
1600	0.11007206	0.02930114	0.11540673	0.10386872	0.64135135
1620	0.11490914	0.03038556	0.11770577	0.11407972	0.62291981
1640	0.10492312	0.03758597	0.10692608	0.11712059	0.63344424
1660	0.10970265	0.03662466	0.13029941	0.09287785	0.63049543
1680	0.10931685	0.02803760	0.12786802	0.10802246	0.62675506
1700	0.11361358	0.03054312	0.12294582	0.10883456	0.62406292
1720	0.11733178	0.02643081	0.12113412	0.09751825	0.63758505
1740	0.11351794	0.03216242	0.11654204	0.10233606	0.63544155
1760	0.11362471	0.03088181	0.11855612	0.09853936	0.63839799
1780	0.10859763	0.03898477	0.12859505	0.10323208	0.62059048
1800	0.09931502	0.03767153	0.12092590	0.10327545	0.63881210
1820	0.11027490	0.02975465	0.10848990	0.11227953	0.63920101
1840	0.11040765	0.02915096	0.11880161	0.10860937	0.63303041
1860	0.10947329	0.03132024	0.12855101	0.09426915	0.63638631
1880	0.10534517	0.03038654	0.12849571	0.10595153	0.62982105
1900	0.11632376	0.02436841	0.13712416	0.09266651	0.62951716
1920	0.11127259	0.02788618	0.11913868	0.10778552	0.63391703
1940	0.11046601	0.03171347	0.11897246	0.10853456	0.63031350
1960	0.10928910	0.03171509	0.11124836	0.10780139	0.63994606
1980	0.11396543	0.03325006	0.11001298	0.09977425	0.64299728
2000	0.10951157	0.02953632	0.10679081	0.10387818	0.65028312
2020	0.10838088	0.03300191	0.11469218	0.10559064	0.63833439
2040	0.10800557	0.03276495	0.12865980	0.10689065	0.62367904
2060	0.11298435	0.03311377	0.12304013	0.10116493	0.62969682
2080	0.09904602	0.03096216	0.11576311	0.10820653	0.64602218
2100	0.10896210	0.02633400	0.12464074	0.10658130	0.63348185
2120	0.10955357	0.02916017	0.11301517	0.11617647	0.63209462
2140	0.11114016	0.03415520	0.12554580	0.11451903	0.61463981
2160	0.11465291	0.03136722	0.12142172	0.10510525	0.62745291
2180	0.10724446	0.02933024	0.11156981	0.09653782	0.65531767
2200	0.10872825	0.03046809	0.13019256	0.10648328	0.62412782
2220	0.09677108	0.03582366	0.13628263	0.11061576	0.62050687
2240	0.10642945	0.02464452	0.11370683	0.11771802	0.63750119
2260	0.09952154	0.02979123	0.11046658	0.09880255	0.66141810
2280	0.10055754	0.03338711	0.12591159	0.09379443	0.64634933
2300	0.09970196	0.03505511	0.12733296	0.10447397	0.63343600
2320	0.10203728	0.03136479	0.11773685	0.10185534	0.64700573
2340	0.11173139	0.03571217	0.12293378	0.09902730	0.63059535
2360	0.11050287	0.03187236	0.11839018	0.10458067	0.63465392
2380	0.12313384	0.03015905	0.11529779	0.11785163	0.61355769
2400	0.12368895	0.04322000	0.12909409	0.09581132	0.60818564
2420	0.10625658	0.03475853	0.12126344	0.11212375	0.62559771
2440	0.10916596	0.03118115	0.11472520	0.09663835	0.64828934
2460	0.12202022	0.03627170	0.12499986	0.09946920	0.61723903
2480	0.09521812	0.02827076	0.13215955	0.09047199	0.65387959
2500	0.11252574	0.02882358	0.11175751	0.10172218	0.64517099
2520	0.09793274	0.03016838	0.11105492	0.11573459	0.64510937
2540	0.10453901	0.02825946	0.11670600	0.10635433	0.64414120
2560	0.10127824	0.03717489	0.11926863	0.10655499	0.63572325
2580	0.10703414	0.02930821	0.12336621	0.10736033	0.63293111
2600	0.10104971	0.03150535	0.11041619	0.10638871	0.65064004
2620	0.11202685	0.03305096	0.12481711	0.08883912	0.64126596
2640	0.10809383	0.03686002	0.11118495	0.11772647	0.62613473
2660	0.10881934	0.03733864	0.11699200	0.10016810	0.63668192
2680	0.10531819	0.03334775	0.11017475	0.09732488	0.65383443
2700	0.11480429	0.03059139	0.11881622	0.10502080	0.63076730
2720	0.10023252	0.03045717	0.11746949	0.09112309	0.66071774
2740	0.11265541	0.02773727	0.12679620	0.10718785	0.62562327
2760	0.10682315	0.02967213	0.11551053	0.10398869	0.64400549
2780	0.10907128	0.02844941	0.12274622	0.10736111	0.63237199
2800	0.10342957	0.03676025	0.11734639	0.10846479	0.63399901
2820	0.11700332	0.02952942	0.13204731	0.10012219	0.62129776
2840	0.11679409	0.02880333	0.12569891	0.09999992	0.62870375
2860	0.09555104	0.04011315	0.11971480	0.10764150	0.63697951
2880	0.11294821	0.02958801	0.12313945	0.10512148	0.62920285
2900	0.10491162	0.03496902	0.12501077	0.11292932	0.62217927
2920	0.12031607	0.03518716	0.11913444	0.10664341	0.61871892
2940	0.10746737	0.03848467	0.12748297	0.09493451	0.63163048
2960	0.11196763	0.03415553	0.11990130	0.10098231	0.63299322
2980	0.10590069	0.03085356	0.12901754	0.09882165	0.63540658
3000	0.11077607	0.03125646	0.12431524	0.09472316	0.63892905
3020	0.09918785	0.03432137	0.11253017	0.10981027	0.64415035
3040	0.10605329	0.03269856	0.12471121	0.10767174	0.62886520
3060	0.10845688	0.03021638	0.11935109	0.11532109	0.62665456
3080	0.10878282	0.02912921	0.11372434	0.10727161	0.64109202
3100	0.10163260	0.02845356	0.12202449	0.10515342	0.64273593
3120	0.11377019	0.03128252	0.11794827	0.09899903	0.63800000
3140	0.10962174	0.03285339	0.12297645	0.09728750	0.63726092
3160	0.10589643	0.03359933	0.10995380	0.09550933	0.65504111
3180	0.11103656	0.03312567	0.12859349	0.10966835	0.61757593
3200	0.10500153	0.03573753	0.11644504	0.10246120	0.64035470
3220	0.10764425	0.04194181	0.11638849	0.11307431	0.62095114
3240	0.10113262	0.02690757	0.12442300	0.11391125	0.63362555
3260	0.09459886	0.03714531	0.12266478	0.10487188	0.64071916
3280	0.10242269	0.03524577	0.11167138	0.10028210	0.65037807
3300	0.12306564	0.03026843	0.11946250	0.11041602	0.61678740
3320	0.10995580	0.02737405	0.11927521	0.09747834	0.64591660
3340	0.10846070	0.04093475	0.11553786	0.10679097	0.62827572
3360	0.11034695	0.03265148	0.11233557	0.11457746	0.63008854
3380	0.10854155	0.02975326	0.11248189	0.08983598	0.65938732
3400	0.12036473	0.03121484	0.12343262	0.10881382	0.61617399
3420	0.10777143	0.02891776	0.11586277	0.10841454	0.63903350
3440	0.10193681	0.03101303	0.11434208	0.10736397	0.64534410
3460	0.11598304	0.03257439	0.11422815	0.11516488	0.62204955
3480	0.11109306	0.03093821	0.11351810	0.11260549	0.63184514
3500	0.11842494	0.02726864	0.11834329	0.09749034	0.63847279
3520	0.12092765	0.03295514	0.11024115	0.10521559	0.63066047
3540	0.10922121	0.03010524	0.12198333	0.10038309	0.63830713
3560	0.10854352	0.03239633	0.12709191	0.11015023	0.62181801
3580	0.10341881	0.02844670	0.10729917	0.12044726	0.64038807
3600	0.12160101	0.02929435	0.11301412	0.10649008	0.62960044
3620	0.12196398	0.02633860	0.12228751	0.10172026	0.62768965
3640	0.11134187	0.03222666	0.10552383	0.11922798	0.63167966
3660	0.10327216	0.03218152	0.11725531	0.10866190	0.63862911
3680	0.11081970	0.02821797	0.13397090	0.09675241	0.63023901
3700	0.10895876	0.03593496	0.12468526	0.09950548	0.63091553
3720	0.10200167	0.03932656	0.12273915	0.10284589	0.63308672
3740	0.10573534	0.03612645	0.10905665	0.10261081	0.64647075
3760	0.11906231	0.03030139	0.11290533	0.08600578	0.65172518
3780	0.11172831	0.03238787	0.12072767	0.10429291	0.63086323
3800	0.11254913	0.03368881	0.11948932	0.11641986	0.61785288
3820	0.12458109	0.03278187	0.11927720	0.09987650	0.62348334
3840	0.09883689	0.02810659	0.11711615	0.10929913	0.64664124
3860	0.10570646	0.03119720	0.12479430	0.11366162	0.62464042
3880	0.12757236	0.02936580	0.11572659	0.10629506	0.62104019
3900	0.10407825	0.03070549	0.12998881	0.11603123	0.61919623
3920	0.12395262	0.03367852	0.11555133	0.10568050	0.62113702
3940	0.12505876	0.03633695	0.12016826	0.10231261	0.61612342
3960	0.11716881	0.03292980	0.10533069	0.11841453	0.62615617
3980	0.11201714	0.03445896	0.12527567	0.10265085	0.62559737
4000	0.11057352	0.03309793	0.11983564	0.09231568	0.64417723
4020	0.09614429	0.03070699	0.11400074	0.11633697	0.64281101
4040	0.11332638	0.03477006	0.11233507	0.10908458	0.63048392
4060	0.11578343	0.03168971	0.12851950	0.10039802	0.62360934
4080	0.11838462	0.02731524	0.11511462	0.09966899	0.63951653
4100	0.10564971	0.03346985	0.13150549	0.10668420	0.62269075
4120	0.13021428	0.03440073	0.10996824	0.09509094	0.63032582
4140	0.10223674	0.03196290	0.11849083	0.10571353	0.64159600
4160	0.11269496	0.02529244	0.12340251	0.10240568	0.63620441
4180	0.11525291	0.03169807	0.11393911	0.11361556	0.62549435
4200	0.11510692	0.04005102	0.12106313	0.09923817	0.62454076
4220	0.10826436	0.03855196	0.13065413	0.11516957	0.60735998
4240	0.12016552	0.03496122	0.12637179	0.09165015	0.62685132
4260	0.11671214	0.03044876	0.11774667	0.10821470	0.62687774
4280	0.11181696	0.03820873	0.13194545	0.09768979	0.62033907
4300	0.12956009	0.03103426	0.10843900	0.10241472	0.62855193
4320	0.10682669	0.03049042	0.12258000	0.10172646	0.63837643
4340	0.10617605	0.03684815	0.10441512	0.10600433	0.64655634
4360	0.10964832	0.03114580	0.12812654	0.10827442	0.62280493
4380	0.10567038	0.03388497	0.12134960	0.11530859	0.62378646
4400	0.11203207	0.02833402	0.11908728	0.10795003	0.63259659
4420	0.10452167	0.03835320	0.11584707	0.09816870	0.64310936
4440	0.12168253	0.03524788	0.10835534	0.08664245	0.64807180
4460	0.11179089	0.03510253	0.12541714	0.10321679	0.62447264
4480	0.11941240	0.02894437	0.11769582	0.10553008	0.62841732
4500	0.11337060	0.03044630	0.12483402	0.09799591	0.63335317
4520	0.10738325	0.03669210	0.13139141	0.09824740	0.62628585
4540	0.11261687	0.03111690	0.11175852	0.10697220	0.63753551
4560	0.12267157	0.03315763	0.10171908	0.10738187	0.63506985
4580	0.11408437	0.03553288	0.12993518	0.09694133	0.62350624
4600	0.10728151	0.03699079	0.12996809	0.10991747	0.61584214
4620	0.09884364	0.02788171	0.13464173	0.09912903	0.63950389
4640	0.09807969	0.03262497	0.11623591	0.11572727	0.63733216
4660	0.10486295	0.03462496	0.12807978	0.10156770	0.63086461
4680	0.10975489	0.03349226	0.12690404	0.08663962	0.64320919
4700	0.11099721	0.03795822	0.12002327	0.09790682	0.63311448
4720	0.10540621	0.03653245	0.12736963	0.11335650	0.61733521
4740	0.11871787	0.03829811	0.12514058	0.10984993	0.60799352
4760	0.10128792	0.03668748	0.12029745	0.09925183	0.64247533
4780	0.11613221	0.03334365	0.12302675	0.10615140	0.62134599
4800	0.11711914	0.03174602	0.12869953	0.10914316	0.61329215
4820	0.11180833	0.03149634	0.12581929	0.09621550	0.63466053
4840	0.10826659	0.02668020	0.11080594	0.10668484	0.64756243
4860	0.11804787	0.03991633	0.11829146	0.10968766	0.61405667
4880	0.12129322	0.02974763	0.11039985	0.10890586	0.62965345
4900	0.10310321	0.03686830	0.13416615	0.09416813	0.63169421
4920	0.10254113	0.03077789	0.11569391	0.09772027	0.65326679
4940	0.11317884	0.02837502	0.11636743	0.10509533	0.63698338
4960	0.11742424	0.03002120	0.10706264	0.11889103	0.62660089
4980	0.12143481	0.03072364	0.12116320	0.10021534	0.62646300
5000	0.10336053	0.03920620	0.11987588	0.09963291	0.63792448
5020	0.11376718	0.03437957	0.12406200	0.08930296	0.63848829
5040	0.12380746	0.02887397	0.11828881	0.09752725	0.63150251
5060	0.11544911	0.03672875	0.11782892	0.10343202	0.62656120
5080	0.11333623	0.03218619	0.10874579	0.09560386	0.65012793
5100	0.10689418	0.03537960	0.13173859	0.11071578	0.61527185
5120	0.12567979	0.03703888	0.11709342	0.10471039	0.61547753
5140	0.10085154	0.03210357	0.12818561	0.10240413	0.63645515
5160	0.11847339	0.03513097	0.11865319	0.10725051	0.62049193
5180	0.09601717	0.03875336	0.10982439	0.10549259	0.64991249
5200	0.11916576	0.03272164	0.11805401	0.10357277	0.62648583
5220	0.11348717	0.03006714	0.10317161	0.10701811	0.64625596
5240	0.11844165	0.03012024	0.11738226	0.10339297	0.63066288
5260	0.09664754	0.03044348	0.10973686	0.10121164	0.66196048
5280	0.11012568	0.02812510	0.13096314	0.10524969	0.62553638
5300	0.10163895	0.03247612	0.12473395	0.09843045	0.64272052
5320	0.11057878	0.03181174	0.12367328	0.10953110	0.62440510
5340	0.10528116	0.02759092	0.12040906	0.09481126	0.65190761
5360	0.10661261	0.03280262	0.11723331	0.09919206	0.64415941
5380	0.10805945	0.03244688	0.12095010	0.10546175	0.63308181
5400	0.10913133	0.03937468	0.12039736	0.10328371	0.62781292
5420	0.10719280	0.03933206	0.12777308	0.09612992	0.62957215
5440	0.11464441	0.03751591	0.12294442	0.10583601	0.61905925
5460	0.10578553	0.02730988	0.12632639	0.10366401	0.63691419
5480	0.10521590	0.02764054	0.13256504	0.09557856	0.63899996
5500	0.10770333	0.03193293	0.12014279	0.09957050	0.64065045
5520	0.10247089	0.03264358	0.11289249	0.10827294	0.64372010
5540	0.11682377	0.03075079	0.11678102	0.10754583	0.62809859
5560	0.11666141	0.02865792	0.11940925	0.10216350	0.63310792
5580	0.11068746	0.03113722	0.11700262	0.12191479	0.61925791
5600	0.11257399	0.03497803	0.11196822	0.10801901	0.63246075
5620	0.11010734	0.03323153	0.11026795	0.10349477	0.64289841
5640	0.10678270	0.02932090	0.12369476	0.10336776	0.63683388
5660	0.11915242	0.03363677	0.11390349	0.10910804	0.62419929
5680	0.10366223	0.02951367	0.11408777	0.11522385	0.63751248
5700	0.11501766	0.03135061	0.10800196	0.08885383	0.65677595
5720	0.11784350	0.02822273	0.11198417	0.09085985	0.65108975
5740	0.11917516	0.02912139	0.11818364	0.09521308	0.63830672
5760	0.10660227	0.04063213	0.12582362	0.09965975	0.62728223
5780	0.10166456	0.03855784	0.11402639	0.11027004	0.63548117
5800	0.11166527	0.03320372	0.12283920	0.10832715	0.62396466
5820	0.11468582	0.03090828	0.11631699	0.08873928	0.64934963
5840	0.11358044	0.03408210	0.11604692	0.10308439	0.63320615
5860	0.10884545	0.03399661	0.12598628	0.09638184	0.63478981
5880	0.11567374	0.02667860	0.13050727	0.09709568	0.63004471
5900	0.10745710	0.03382895	0.11979601	0.10603647	0.63288147
5920	0.10975637	0.03029636	0.12429905	0.10425470	0.63139351
5940	0.11869089	0.02649036	0.11762022	0.11150316	0.62569537
5960	0.11527412	0.03602740	0.12036394	0.10690815	0.62142639
5980	0.11110788	0.03107738	0.10208870	0.10604814	0.64967790
6000	0.10487941	0.02882610	0.11366455	0.11353377	0.63909617
6020	0.10934759	0.03279732	0.12068424	0.09612288	0.64104796
6040	0.10975066	0.03204004	0.12121522	0.09465591	0.64233817
6060	0.09992795	0.02696218	0.12844277	0.10619797	0.63846912
6080	0.10977124	0.03460687	0.13386182	0.10658653	0.61517355
6100	0.11899467	0.02735331	0.12615622	0.10707382	0.62042198
6120	0.10406232	0.03105218	0.11851940	0.11214834	0.63421776
6140	0.11663494	0.03212292	0.11239834	0.10216842	0.63667538
6160	0.11231461	0.03309733	0.12753286	0.10082244	0.62623277
6180	0.10311658	0.03431012	0.12005686	0.10626487	0.63625157
6200	0.10457065	0.03516554	0.11253330	0.11015563	0.63757488
6220	0.11000391	0.03380199	0.10588295	0.11996021	0.63035094
6240	0.10439467	0.03314079	0.12646246	0.10982330	0.62617878
6260	0.10400695	0.03086618	0.11983726	0.08998452	0.65530509
6280	0.10178404	0.03254906	0.11482767	0.11443263	0.63640660
6300	0.11153987	0.03365421	0.13021000	0.09430657	0.63028934
6320	0.10746077	0.03258776	0.11718212	0.11562972	0.62713963
6340	0.09552179	0.02935760	0.12043581	0.10822454	0.64646025
6360	0.10090720	0.03075909	0.11735350	0.09836047	0.65261974
6380	0.09732566	0.02987910	0.12120495	0.08599334	0.66559694
6400	0.10876025	0.03925405	0.12195470	0.12050655	0.60952445
6420	0.10231562	0.03075662	0.11843247	0.10141918	0.64707611
6440	0.12223481	0.03395566	0.12081467	0.08128402	0.64171084
6460	0.10135008	0.02902856	0.13205551	0.10993855	0.62762730
6480	0.11273710	0.03932567	0.11741561	0.11633704	0.61418458
6500	0.10278755	0.03300397	0.11340783	0.10255385	0.64824680
6520	0.11227331	0.03826568	0.13146771	0.11207362	0.60591968
6540	0.10630968	0.03212752	0.12016821	0.10648249	0.63491211
6560	0.09467469	0.03493282	0.12639516	0.11123881	0.63275852
6580	0.10356444	0.02964799	0.11614730	0.10639927	0.64424099
6600	0.10337424	0.03373154	0.11498058	0.11677908	0.63113456
6620	0.11437005	0.02602851	0.12408893	0.12599705	0.60951546
6640	0.11275427	0.03615788	0.11953198	0.11121111	0.62034475
6660	0.10802609	0.03588186	0.12775852	0.10837395	0.61995958
6680	0.11287810	0.02937370	0.11804904	0.09906450	0.64063467
6700	0.10894376	0.03586562	0.11667791	0.11021013	0.62830258
6720	0.11415954	0.04138702	0.10562792	0.09322615	0.64559938
6740	0.10999807	0.03231070	0.12722214	0.10699550	0.62347359
6760	0.10053263	0.02913173	0.12646849	0.10392187	0.63994528
6780	0.11067566	0.04305086	0.11510026	0.09812079	0.63305243
6800	0.10674433	0.03624289	0.11880136	0.10484671	0.63336471
6820	0.11525501	0.03361815	0.11160056	0.11198482	0.62754146
6840	0.10952501	0.02773032	0.10512489	0.11729121	0.64032857
6860	0.10547041	0.03040623	0.11496544	0.10749603	0.64166188
6880	0.10288906	0.02984179	0.12284352	0.10930539	0.63512024
6900	0.11630495	0.03072355	0.12623263	0.10192135	0.62481752
6920	0.11053518	0.03046091	0.11530381	0.11176843	0.63193166
6940	0.12019731	0.03267511	0.11718005	0.09982546	0.63012206
6960	0.11351838	0.03547437	0.12128202	0.10768015	0.62204507
6980	0.11342852	0.03132843	0.11223684	0.10894881	0.63405740
7000	0.10823647	0.02469675	0.12709358	0.10754640	0.63242679
7020	0.10779412	0.03380600	0.12117486	0.11014187	0.62708314
7040	0.11272535	0.03312021	0.11959715	0.09915015	0.63540714
7060	0.11246048	0.02773242	0.12061281	0.10887214	0.63032215
7080	0.10413983	0.03363228	0.12396772	0.09827078	0.63998939
7100	0.12441544	0.02853838	0.11515652	0.09354456	0.63834510
7120	0.11608779	0.03089136	0.11663081	0.10725313	0.62913692
7140	0.12104225	0.03579801	0.11559192	0.10719218	0.62037563
7160	0.10104225	0.03644407	0.11125663	0.10599646	0.64526058
7180	0.10772414	0.03663751	0.12962340	0.10174874	0.62426621
7200	0.10745725	0.03196128	0.11815671	0.09592224	0.64650252
7220	0.09908227	0.03550088	0.11149483	0.12508833	0.62883369
7240	0.11135338	0.02517441	0.12168788	0.09252359	0.64926074
7260	0.10956866	0.03364122	0.11978132	0.10243578	0.63457302
7280	0.11547693	0.03521022	0.11511333	0.10932952	0.62487000
7300	0.11489147	0.03253475	0.11947981	0.09562189	0.63747209
7320	0.11557887	0.03143401	0.12581922	0.10113367	0.62603424
7340	0.11665560	0.02830652	0.11684437	0.09978620	0.63840731
7360	0.11285492	0.03414308	0.11666072	0.11367881	0.62266246
7380	0.11592571	0.03838332	0.11631916	0.09796162	0.63141019
7400	0.11142012	0.03631635	0.10640001	0.11116355	0.63469997
7420	0.11038370	0.02824672	0.11459098	0.11022176	0.63655685
7440	0.10678037	0.02804430	0.12550070	0.10981176	0.62986287
7460	0.11849922	0.03110532	0.11793703	0.10696663	0.62549180
7480	0.11723885	0.03533215	0.11362022	0.10489321	0.62891556
7500	0.09523595	0.03150867	0.12398138	0.11278636	0.63648764
7520	0.11009884	0.03367868	0.12000321	0.10662788	0.62959139
7540	0.11617926	0.03008547	0.12899934	0.10713477	0.61760116
7560	0.10741677	0.02972822	0.12791688	0.10833794	0.62660019
7580	0.12005494	0.03140170	0.10454429	0.11131575	0.63268332
7600	0.11773650	0.03021030	0.12345355	0.10201804	0.62658162
7620	0.10505758	0.02873685	0.10910320	0.10239041	0.65471196
7640	0.11927729	0.03815870	0.11637370	0.10162293	0.62456739
7660	0.10364983	0.03418870	0.11096274	0.11678372	0.63441500
7680	0.11302656	0.04282600	0.10998711	0.10148662	0.63267371
7700	0.10963923	0.03601107	0.10862417	0.09763136	0.64809417
7720	0.11117305	0.02876227	0.12575865	0.10500257	0.62930346
7740	0.12241108	0.03321656	0.11627756	0.11797584	0.61011896
7760	0.11046018	0.03962405	0.11607131	0.10568346	0.62816100
7780	0.12115636	0.03437822	0.12823442	0.10136856	0.61486245
7800	0.11003440	0.02911394	0.12333406	0.09484999	0.64266762
7820	0.11554350	0.02928869	0.12649325	0.10793143	0.62074313
7840	0.09824749	0.02877305	0.12566344	0.08796794	0.65934808
7860	0.10327659	0.03410530	0.11483039	0.10926849	0.63851923
7880	0.11815063	0.02991196	0.10215034	0.11257565	0.63721142
7900	0.11049827	0.03202437	0.12686305	0.09653431	0.63407999
7920	0.10575840	0.02883897	0.11590095	0.09440575	0.65509593
7940	0.11134642	0.03212636	0.12717063	0.09338555	0.63597104
7960	0.11475211	0.02696068	0.11313235	0.09841886	0.64673600
7980	0.10884665	0.03529972	0.11925766	0.11606271	0.62053326
8000	0.09897531	0.03010711	0.11056744	0.09646647	0.66388367
8020	0.12154446	0.03475099	0.11207156	0.09919970	0.63243329
8040	0.12271059	0.03203097	0.12263534	0.11324582	0.60937729
8060	0.10737555	0.03731813	0.11933612	0.10490184	0.63106837
8080	0.12242153	0.03046128	0.09981848	0.11048722	0.63681150
8100	0.11491722	0.03461599	0.11261269	0.09763221	0.64022188
8120	0.09994837	0.03646364	0.12008337	0.11469485	0.62880978
8140	0.10691272	0.03009253	0.10936775	0.10579582	0.64783117
8160	0.11098919	0.02944611	0.11688187	0.10610790	0.63657492
8180	0.10498366	0.03052028	0.12161176	0.10972582	0.63315848
8200	0.11808603	0.03304173	0.12862597	0.10175573	0.61849054
8220	0.10882783	0.02848985	0.11571127	0.10129842	0.64567262
8240	0.11282842	0.03029571	0.11475547	0.11142934	0.63069106
8260	0.11905844	0.02881819	0.11006351	0.09648146	0.64557841
8280	0.10970774	0.02801357	0.11391487	0.09916191	0.64920191
8300	0.10296804	0.03351476	0.12947451	0.11237745	0.62166524
8320	0.10215293	0.03127269	0.10875177	0.10709304	0.65072957
8340	0.11407945	0.03991678	0.12250169	0.10756173	0.61594035
8360	0.11624594	0.03390676	0.11186428	0.10755577	0.63042724
8380	0.11396362	0.02750567	0.11526052	0.08955185	0.65371835
8400	0.11318664	0.03086448	0.11471341	0.10269194	0.63854352
8420	0.10875484	0.03301095	0.12112938	0.10357722	0.63352762
8440	0.10724811	0.03147450	0.11671568	0.10989524	0.63466647
8460	0.10276703	0.02743747	0.13313505	0.11255670	0.62410374
8480	0.10155339	0.02904531	0.11874103	0.10313726	0.64752301
8500	0.10256601	0.02973595	0.11111379	0.10389298	0.65269127
8520	0.12708792	0.02736293	0.11691670	0.09937980	0.62925265
8540	0.10001951	0.03115644	0.12383805	0.10727643	0.63770958
8560	0.10264669	0.03888531	0.11400668	0.10494282	0.63951850
8580	0.09767740	0.03292686	0.11570509	0.10294813	0.65074253
8600	0.11804253	0.02772010	0.11754234	0.10732629	0.62936874
8620	0.10644532	0.03143095	0.11864745	0.09843473	0.64504156
8640	0.12973978	0.03665521	0.11554010	0.11407620	0.60398871
8660	0.10199909	0.03977384	0.12690502	0.09780734	0.63351471
8680	0.11882360	0.03339238	0.11700516	0.08770568	0.64307318
8700	0.10170450	0.03141200	0.12168852	0.11490706	0.63028792
8720	0.09826879	0.03440724	0.12318491	0.10450325	0.63963581
8740	0.10532287	0.02693039	0.11463582	0.11589057	0.63722035
8760	0.11163559	0.03578990	0.12277635	0.10238346	0.62741469
8780	0.12060254	0.02793105	0.12280571	0.10319468	0.62546602
8800	0.10917388	0.03920961	0.12328164	0.11048299	0.61785188
8820	0.10466277	0.02822072	0.11086348	0.10320249	0.65305054
8840	0.11181628	0.03247430	0.12125466	0.10809333	0.62636144
8860	0.11032071	0.02925994	0.12800454	0.09928463	0.63313018
8880	0.11231697	0.03800400	0.10369776	0.10460962	0.64137165
8900	0.11737760	0.03265809	0.12352452	0.09138122	0.63505858
8920	0.12608213	0.02816065	0.12880543	0.10328052	0.61367127
8940	0.11354523	0.02761034	0.12066816	0.11172961	0.62644666
8960	0.10467258	0.03639736	0.11680339	0.10150550	0.64062117
8980	0.12465474	0.03253162	0.12362975	0.09683801	0.62234589
9000	0.10420028	0.03947947	0.10962526	0.11244820	0.63424679
9020	0.12234620	0.02535674	0.11266102	0.10361012	0.63602592
9040	0.11803235	0.03584894	0.10039894	0.09601502	0.64970474
9060	0.10920790	0.03649854	0.13187493	0.09722599	0.62519263
9080	0.11045063	0.03306565	0.11802126	0.10865431	0.62980815
9100	0.11237344	0.03443723	0.11444640	0.11321637	0.62552655
9120	0.12919172	0.03257287	0.10992105	0.10337504	0.62493933
9140	0.10780536	0.02834124	0.12007243	0.10503260	0.63874838
9160	0.10738214	0.02642994	0.12050271	0.10874295	0.63694227
9180	0.10580539	0.02799575	0.12374569	0.10632996	0.63612321
9200	0.11149207	0.03830562	0.12196317	0.09550039	0.63273875
9220	0.10557215	0.03359503	0.12101490	0.09423705	0.64558086
9240	0.09964421	0.03219154	0.13384899	0.10388069	0.63043456
9260	0.10605203	0.02585872	0.11509646	0.09626443	0.65672835
9280	0.10894330	0.03416684	0.11916039	0.10246919	0.63526027
9300	0.11696060	0.03901831	0.11805434	0.10405307	0.62191368
9320	0.10119714	0.03515394	0.14382395	0.09189300	0.62793196
9340	0.11040801	0.02817721	0.11066561	0.10705567	0.64369350
9360	0.11109417	0.04027686	0.11929342	0.10707589	0.62225966
9380	0.11747640	0.03270720	0.12240496	0.12622740	0.60118404
9400	0.10806572	0.03429527	0.11862899	0.09396670	0.64504332
9420	0.10287714	0.02970288	0.12167477	0.09468328	0.65106194
9440	0.11048329	0.02420262	0.13470408	0.10367193	0.62693807
9460	0.11862497	0.03536969	0.11184738	0.11530414	0.61885382
9480	0.10851206	0.03183594	0.11827094	0.10430968	0.63707138
9500	0.10665022	0.04045861	0.11915404	0.09173919	0.64199794
9520	0.10446870	0.03404163	0.10921718	0.11326222	0.63901028
9540	0.11235126	0.03183923	0.11747682	0.10608725	0.63224543
9560	0.11229158	0.03717953	0.12336368	0.08860910	0.63855610
9580	0.10461248	0.03702761	0.10862732	0.12260457	0.62712801
9600	0.11102059	0.03438054	0.12264890	0.09294698	0.63900299
9620	0.11521430	0.02653683	0.12634732	0.09966671	0.63223484
9640	0.10405369	0.03424668	0.11616116	0.11486380	0.63067467
9660	0.11046929	0.02912085	0.11777897	0.11613819	0.62649271
9680	0.10698314	0.03682948	0.11036140	0.10621925	0.63960673
9700	0.11149795	0.03281485	0.11288680	0.11084372	0.63195668
9720	0.10610712	0.02616287	0.12157829	0.10768737	0.63846436
9740	0.12170059	0.03017121	0.12627635	0.12006293	0.60178892
9760	0.11851184	0.03198037	0.11892424	0.11726234	0.61332121
9780	0.10102417	0.02557852	0.13145113	0.11587801	0.62606817
9800	0.09169943	0.03280416	0.12154889	0.10644026	0.64750727
9820	0.11394555	0.02879000	0.12576864	0.10235074	0.62914508
9840	0.10030720	0.03385337	0.12020265	0.10551126	0.64012552
9860	0.10016712	0.02719155	0.13030212	0.09803483	0.64430439
9880	0.11080499	0.02436742	0.11676762	0.11295246	0.63510751
9900	0.11643249	0.03127960	0.11938969	0.10055049	0.63234773
9920	0.09949674	0.03531550	0.12319945	0.10466940	0.63731890
9940	0.10444789	0.03050883	0.12057018	0.10652720	0.63794589
9960	0.10210234	0.04084289	0.12576109	0.09279797	0.63849571
9980	0.10462038	0.03202336	0.13003591	0.11588153	0.61743881
10000	0.09693231	0.03608136	0.12408698	0.11176304	0.63113632
10020	0.10808499	0.03046379	0.12232006	0.10675162	0.63237954
10040	0.11818542	0.03219857	0.11520898	0.11016619	0.62424085
10060	0.11316702	0.02912597	0.11567775	0.08688204	0.65514722
10080	0.10366875	0.03337838	0.11910913	0.11548897	0.62835477
10100	0.10860459	0.03281829	0.11107720	0.09471647	0.65278346
10120	0.10533732	0.03009595	0.11244581	0.09261266	0.65950825
10140	0.11573079	0.02808131	0.13050873	0.10167875	0.62400042
10160	0.10956538	0.03802508	0.11361736	0.10657070	0.63222147
10180	0.10497628	0.02550292	0.11667851	0.10907082	0.64377146
10200	0.11126982	0.02568450	0.11771931	0.10336560	0.64196077
10220	0.11200460	0.02611250	0.11827596	0.10141773	0.64218921
10240	0.09654456	0.02561988	0.11281216	0.11496153	0.65006187
10260	0.10449748	0.03022006	0.11976204	0.09337032	0.65215010
10280	0.11229246	0.03408726	0.11695274	0.10459404	0.63207351
10300	0.11200757	0.03603213	0.12143874	0.09874113	0.63178044
10320	0.12397872	0.02804265	0.12153096	0.11087078	0.61557688
10340	0.11003023	0.03601479	0.12133864	0.10656185	0.62605449
10360	0.10971474	0.02782509	0.11985040	0.10165660	0.64095316
10380	0.10609952	0.03818622	0.11810273	0.10928329	0.62832824
10400	0.11547521	0.02656315	0.12064728	0.10553911	0.63177524
10420	0.11514115	0.03076126	0.12053761	0.11058718	0.62297281
10440	0.11235430	0.04009324	0.11153002	0.10876800	0.62725444
10460	0.10013315	0.02975243	0.10891041	0.10839327	0.65281074
10480	0.10236267	0.03533226	0.12209947	0.09948404	0.64072156
10500	0.12404719	0.03357870	0.11276007	0.10089055	0.62872348
10520	0.10747588	0.03354408	0.11733018	0.10179502	0.63985485
10540	0.11065519	0.03924417	0.12650433	0.10321029	0.62038602
10560	0.11436304	0.03078983	0.12426101	0.09292459	0.63766152
10580	0.10947946	0.03701187	0.12823277	0.10454131	0.62073459
10600	0.11724140	0.02818952	0.12512938	0.11283921	0.61660048
10620	0.12031794	0.03749015	0.14629130	0.09425157	0.60164904
10640	0.09940702	0.03836471	0.10997273	0.09471024	0.65754530
10660	0.09984022	0.04034388	0.10199876	0.11211270	0.64570445
10680	0.11864603	0.02692926	0.12129474	0.09844725	0.63468272
10700	0.10525438	0.03305969	0.10700181	0.09727448	0.65740964
10720	0.12018021	0.03113092	0.12199360	0.09377130	0.63292397
10740	0.10903297	0.02927582	0.12400550	0.10603677	0.63164894
10760	0.12450089	0.03335983	0.12648061	0.10521079	0.61044788
10780	0.10912465	0.03110418	0.12401892	0.09823593	0.63751633
10800	0.09984250	0.02837154	0.11887746	0.09762813	0.65528037
10820	0.10999081	0.04113966	0.13248293	0.09437799	0.62200861
10840	0.10749024	0.04043047	0.10885297	0.10532336	0.63790295
10860	0.11010556	0.03670487	0.12468969	0.10474618	0.62375370
10880	0.10566714	0.02926555	0.12901487	0.09815830	0.63789413
10900	0.10854082	0.03215873	0.12056752	0.11018069	0.62855223
10920	0.10796909	0.02915956	0.13099922	0.11204883	0.61982330
10940	0.11541763	0.03601849	0.10857199	0.09944619	0.64054570
10960	0.11521432	0.03658918	0.11559314	0.09630825	0.63629511
10980	0.11690638	0.03615220	0.12056813	0.10414875	0.62222453
11000	0.10451741	0.02712422	0.11021207	0.10751171	0.65063458
11020	0.10256405	0.03112685	0.11701192	0.11995406	0.62934312
11040	0.10778575	0.02959912	0.12326879	0.12046700	0.61887934
11060	0.10654103	0.03066248	0.12717757	0.09105825	0.64456068
11080	0.11634402	0.03691047	0.12447144	0.10268106	0.61959301
11100	0.11223411	0.02972231	0.11321811	0.11137151	0.63345396
11120	0.12844380	0.02847822	0.10956134	0.10998454	0.62353209
11140	0.11482026	0.03358100	0.12086299	0.10713289	0.62360286
11160	0.11403328	0.02780793	0.12941493	0.10628309	0.62246077
11180	0.10547001	0.03521253	0.11431950	0.10614079	0.63885717
11200	0.11435357	0.03147039	0.11162182	0.10120713	0.64134709
11220	0.11933035	0.03971310	0.11759344	0.11039660	0.61296651
11240	0.11054420	0.03440087	0.12171304	0.08520883	0.64813306
11260	0.11231962	0.03745338	0.10928060	0.11668691	0.62425948
11280	0.10872622	0.03049385	0.12121871	0.12411447	0.61544676
11300	0.11388619	0.03162513	0.12263901	0.10432272	0.62752695
11320	0.10933178	0.03787969	0.11780573	0.11052115	0.62446165
11340	0.11202063	0.02356718	0.12387953	0.10339576	0.63713689
11360	0.10515883	0.02782619	0.12488065	0.09761259	0.64452174
11380	0.12077922	0.02725858	0.11341964	0.10626828	0.63227428
11400	0.11048409	0.03296266	0.12602864	0.11839965	0.61212496
11420	0.10304792	0.03137450	0.11830547	0.10886892	0.63840319
11440	0.11174142	0.02996428	0.11521782	0.11961067	0.62346581
11460	0.12409479	0.03354443	0.12171454	0.10051487	0.62013138
11480	0.11137166	0.04326026	0.10949151	0.10441263	0.63146393
11500	0.10527704	0.03068099	0.11838316	0.10396367	0.64169514
11520	0.11863060	0.03518137	0.12099277	0.10452108	0.62067419
11540	0.11383625	0.03269869	0.12778208	0.11174038	0.61394260
11560	0.11018705	0.03235922	0.12910845	0.09651414	0.63183113
11580	0.10441785	0.03434294	0.12053473	0.11824395	0.62246053
11600	0.09777366	0.02970134	0.12551431	0.09852632	0.64848437
11620	0.11627535	0.02818944	0.12850361	0.10830416	0.61872744
11640	0.11556319	0.04061753	0.11810361	0.10003891	0.62567676
11660	0.12685509	0.03225839	0.12230754	0.10607187	0.61250711
11680	0.11272711	0.02787407	0.11106816	0.10661067	0.64172000
11700	0.11604339	0.03080350	0.11511724	0.10910154	0.62893433
11720	0.12595464	0.02945064	0.13140922	0.10188280	0.61130270
11740	0.11670064	0.02940158	0.11277784	0.09596976	0.64515018
11760	0.12235073	0.03173972	0.12323708	0.09634574	0.62632674
11780	0.11812384	0.03276430	0.11388822	0.11508585	0.62013779
11800	0.11757709	0.03424572	0.11963224	0.11360639	0.61493857
11820	0.11472081	0.03466190	0.11985747	0.10472878	0.62603104
11840	0.10828827	0.03265787	0.12137197	0.11376186	0.62392004
11860	0.12749917	0.03164107	0.11194629	0.09079740	0.63811607
11880	0.10859190	0.03136137	0.11091985	0.11190453	0.63722235
11900	0.11023301	0.03391511	0.11281316	0.10110294	0.64193579
11920	0.11593782	0.02757936	0.12313112	0.10867160	0.62468010
11940	0.11233054	0.03828234	0.12092882	0.10057890	0.62787941
11960	0.10709187	0.03214650	0.11196469	0.10094803	0.64784892
11980	0.11288349	0.03192140	0.11385227	0.10084760	0.64049524
12000	0.10507888	0.03516659	0.11867281	0.09897614	0.64210557
12020	0.10482289	0.03039810	0.11698680	0.10304348	0.64474873
12040	0.10748515	0.03326362	0.11503291	0.09929061	0.64492772
12060	0.10915144	0.02834908	0.11379841	0.10425399	0.64444708
12080	0.11706871	0.03142333	0.11436941	0.11908085	0.61805769
12100	0.10897684	0.03861965	0.10872061	0.10374670	0.63993620
12120	0.10465345	0.03506026	0.11935512	0.10480626	0.63612492
12140	0.10525175	0.02641358	0.12164334	0.10373836	0.64295296
12160	0.11431033	0.03206463	0.11223656	0.10376731	0.63762118
12180	0.10992246	0.03294582	0.12458080	0.09669479	0.63585612
12200	0.11394873	0.02561447	0.11285044	0.10724148	0.64034488
12220	0.10253462	0.03389116	0.11873504	0.09415017	0.65068902
12240	0.11347440	0.03393307	0.11855835	0.11576388	0.61827030
12260	0.11073563	0.03432025	0.13234465	0.10892985	0.61366962
12280	0.10223544	0.02892754	0.12123532	0.10912454	0.63847715
12300	0.10095595	0.03734287	0.12038349	0.09268277	0.64863492
12320	0.11751863	0.03050610	0.11429998	0.10441179	0.63326350
12340	0.12696770	0.03359706	0.12305731	0.11006200	0.60631593
12360	0.10720941	0.03408197	0.10376514	0.10954320	0.64540029
12380	0.11266031	0.02850102	0.11887217	0.09850271	0.64146380
12400	0.11022867	0.03212747	0.11787831	0.10452753	0.63523801
12420	0.10288451	0.03315020	0.12386011	0.10888727	0.63121791
12440	0.10581424	0.03344915	0.10549984	0.11005106	0.64518571
12460	0.09821164	0.03314100	0.11887166	0.10156549	0.64821021
12480	0.10675944	0.03283471	0.11997105	0.10550784	0.63492696
12500	0.10370894	0.03553659	0.12394366	0.09865514	0.63815567
12520	0.11540844	0.03353649	0.12852587	0.10386215	0.61866706
12540	0.11056396	0.02626294	0.11442817	0.10217669	0.64656823
12560	0.10950976	0.03844019	0.12087900	0.09663384	0.63453722
12580	0.12006619	0.02607012	0.11889594	0.11401844	0.62094931
12600	0.12046693	0.02788291	0.11676298	0.10103789	0.63384929
12620	0.10093817	0.03046493	0.11894532	0.11230015	0.63735142
12640	0.10942105	0.02661831	0.11806109	0.10206600	0.64383355
12660	0.11127499	0.02872580	0.14356274	0.09409885	0.62233762
12680	0.10717651	0.03177853	0.11801909	0.10722932	0.63579655
12700	0.10226524	0.03420896	0.11732772	0.10610170	0.64009638
12720	0.11812550	0.03217182	0.11175521	0.09819951	0.63974796
12740	0.10212255	0.03023943	0.12042550	0.09294545	0.65426706
12760	0.10995556	0.02866867	0.12325860	0.09667159	0.64144557
12780	0.11321335	0.03333489	0.11979896	0.10653799	0.62711481
12800	0.11941253	0.02978568	0.12549928	0.10605487	0.61924764
12820	0.11077657	0.03305007	0.11996249	0.10790436	0.62830651
12840	0.11970626	0.03031034	0.11522939	0.11295424	0.62179977
12860	0.11176058	0.02943604	0.12056107	0.10025724	0.63798507
12880	0.10115842	0.02848178	0.12018402	0.11303894	0.63713684
12900	0.11982719	0.03360461	0.11200298	0.09923141	0.63533382
12920	0.09984760	0.03128825	0.11300523	0.09939617	0.65646275
12940	0.11302109	0.03632084	0.12747566	0.10312297	0.62005944
12960	0.10872089	0.03045302	0.11753184	0.10518672	0.63810752
12980	0.10289194	0.02768799	0.12666610	0.10280463	0.63994933
13000	0.11271879	0.02851228	0.11755935	0.09129165	0.64991794
13020	0.12307250	0.03308194	0.11262457	0.10657366	0.62464734
13040	0.11651310	0.02752302	0.13007926	0.11184311	0.61404151
13060	0.11198551	0.03331779	0.11370930	0.11105318	0.62993422
13080	0.11844576	0.03487458	0.11462154	0.09683720	0.63522091
13100	0.10527572	0.03207666	0.11461572	0.09997655	0.64805535
13120	0.11758214	0.02786964	0.11538885	0.09531626	0.64384312
13140	0.10193657	0.03343270	0.12342283	0.11566206	0.62554584
13160	0.09929127	0.03052416	0.13150564	0.10395473	0.63472420
13180	0.10306798	0.03634418	0.11091054	0.10798383	0.64169347
13200	0.10204573	0.03341324	0.11532081	0.10440411	0.64481612
